NaN	NaN	NaN	NaN	NaN	NaN	NaN	NaN	NaN	NaN	NaN	NaN	NaN	NaN	NaN	NaN	NaN	NaN	NaN	NaN	NaN	NaN	NaN	NaN	NaN	NaN	NaN	NaN	NaN	NaN	NaN	NaN	NaN	NaN	NaN	NaN	NaN	NaN	NaN	NaN	NaN	NaN	NaN	NaN	NaN	NaN	NaN	NaN	NaN	NaN	NaN	NaN	NaN	NaN	NaN	NaN	NaN	NaN	NaN	NaN	NaN	NaN	NaN	NaN	NaN	NaN	NaN	NaN	NaN	NaN	NaN	NaN	NaN	NaN	NaN	NaN	NaN	NaN	NaN	NaN	NaN
NaN	NaN	NaN	NaN	NaN	NaN	NaN	NaN	NaN	NaN	NaN	NaN	NaN	NaN	NaN	NaN	NaN	NaN	NaN	NaN	NaN	NaN	NaN	NaN	NaN	NaN	NaN	NaN	NaN	NaN	NaN	NaN	NaN	NaN	NaN	NaN	NaN	NaN	NaN	NaN	NaN	NaN	NaN	NaN	NaN	NaN	NaN	NaN	NaN	NaN	NaN	NaN	NaN	NaN	NaN	NaN	NaN	NaN	NaN	NaN	NaN	NaN	NaN	NaN	NaN	NaN	NaN	NaN	NaN	NaN	NaN	NaN	NaN	NaN	NaN	NaN	NaN	NaN	NaN	NaN	NaN
NaN	NaN	NaN	NaN	NaN	NaN	NaN	NaN	NaN	NaN	NaN	NaN	NaN	NaN	NaN	NaN	NaN	NaN	NaN	NaN	NaN	NaN	NaN	NaN	NaN	NaN	NaN	NaN	NaN	NaN	NaN	NaN	NaN	NaN	NaN	NaN	NaN	NaN	NaN	NaN	NaN	NaN	NaN	NaN	NaN	NaN	NaN	NaN	NaN	NaN	NaN	NaN	NaN	NaN	NaN	NaN	NaN	NaN	NaN	NaN	NaN	NaN	NaN	NaN	NaN	NaN	NaN	NaN	NaN	NaN	NaN	NaN	NaN	NaN	NaN	NaN	NaN	NaN	NaN	NaN	NaN
NaN	NaN	NaN	NaN	NaN	NaN	NaN	NaN	NaN	NaN	NaN	NaN	NaN	NaN	NaN	NaN	NaN	NaN	NaN	NaN	NaN	NaN	NaN	NaN	NaN	NaN	NaN	NaN	NaN	NaN	NaN	NaN	NaN	NaN	NaN	NaN	NaN	NaN	NaN	NaN	NaN	NaN	NaN	NaN	NaN	NaN	NaN	NaN	NaN	NaN	NaN	NaN	NaN	NaN	NaN	NaN	NaN	NaN	NaN	NaN	NaN	NaN	NaN	NaN	NaN	NaN	NaN	NaN	NaN	NaN	NaN	NaN	NaN	NaN	NaN	NaN	NaN	NaN	NaN	NaN	NaN
NaN	NaN	NaN	NaN	NaN	NaN	NaN	NaN	NaN	NaN	NaN	NaN	NaN	NaN	NaN	NaN	NaN	NaN	NaN	NaN	NaN	NaN	NaN	NaN	NaN	NaN	NaN	NaN	NaN	NaN	0.588761	NaN	0.505984	0.742269	0.648849	0.593202	0.620328	0.630258	0.684112	0.755126	0.633371	0.723759	0.805011	0.664461	0.653041	0.651305	0.737743	0.723476	0.673434	0.674439	0.591056	0.578814	0.649353	0.645481	0.565449	0.569904	0.590826	0.642609	0.594553	0.582202	0.546191	0.607963	0.522302	0.565438	0.536425	0.550239	0.541253	0.489835	0.510765	0.524751	0.496933	0.506458	0.521627	0.460506	0.479815	0.488404	0.522503	0.492205	0.512475	0.465473	0.518646
0.501814	0.65267	0.622963	0.656851	0.630789	0.631323	0.59937	0.52635	0.510595	0.472837	0.485382	0.431328	0.456391	0.460513	0.431126	0.370015	0.401469	0.376025	0.327907	0.317141	0.368619	0.280714	0.325799	0.296452	0.256194	0.287133	0.256008	0.259128	0.240763	0.261532	0.258047	0.209349	0.20819	0.199914	0.229133	0.17659	0.199478	0.180001	0.176619	0.205743	0.160888	0.14469	0.171662	0.179531	0.15725	0.161332	0.160996	0.129889	0.168115	0.159913	0.148414	0.153897	0.143169	0.162079	0.157577	0.138715	0.12451	0.123536	0.146191	0.153074	0.161371	0.167999	0.153257	0.132192	0.143565	0.159726	0.144318	0.174002	0.136191	0.133215	0.162058	0.125441	0.143498	0.174679	0.154117	0.164437	0.1535	0.155556	0.137201	0.135533	0.155591
0.610018	0.392965	0.29656	0.227669	0.205883	0.227222	0.214552	0.201707	0.150641	0.128751	0.128285	0.129118	0.102452	0.0640791	0.0989258	0.108429	0.0941209	0.0772794	0.0683898	0.0932315	0.0551808	0.0776122	0.0784974	0.086887	0.0756334	0.0659488	0.0697561	0.0860129	0.0637727	0.0634567	0.0745036	0.0590876	0.0756474	0.0723721	0.0734988	0.0839826	0.066501	0.0757091	0.0665085	0.0731506	0.0710583	0.0722963	0.0718427	0.0780289	0.0839169	0.0752756	0.081539	0.0820915	0.0843015	0.0781521	0.0827254	0.0873978	0.0848858	0.0849358	0.0857154	0.0798077	0.0903018	0.0870417	0.082023	0.0847338	0.0840478	0.0885263	0.0913153	0.0907817	0.0887063	0.0950323	0.105167	0.101593	0.0970243	0.096375	0.0976485	0.101042	0.0972695	0.101201	0.105282	0.0974504	0.104236	0.100322	0.111312	0.110127	0.10631
0.0518205	0.1095	0.062203	0.0650076	0.0530915	0.0547283	0.069767	0.0475812	0.0574191	0.0499944	0.0457587	0.0475144	0.0459535	0.0495	0.0458435	0.0475697	0.0483011	0.0489748	0.0519986	0.0538106	0.0493501	0.0495218	0.0512275	0.0514891	0.0543852	0.0526519	0.0624037	0.0553335	0.0497406	0.0517824	0.0585992	0.0563287	0.0612614	0.0599241	0.0615414	0.0598382	0.0589258	0.0643091	0.0637534	0.0624371	0.0640573	0.0669276	0.0665426	0.0686146	0.0671197	0.0646886	0.0690411	0.0726529	0.0751216	0.0727279	0.077728	0.0764058	0.074999	0.0727235	0.078395	0.0791004	0.0819952	0.0843474	0.0839217	0.0782073	0.0822021	0.0861287	0.0831575	0.0893461	0.0838439	0.0886614	0.0825542	0.095935	0.0866654	0.0951916	0.0938027	0.0939368	0.092173	0.0970115	0.0957489	0.102104	0.0989822	0.100722	0.106975	0.116277	0.116317
0.0438626	0.0394084	0.0417615	0.0400674	0.0405618	0.0395352	0.0421258	0.0410022	0.0379224	0.0387717	0.037537	0.0422823	0.0417028	0.041262	0.0413313	0.0436323	0.0415699	0.0440359	0.0444275	0.0456342	0.0451856	0.0451738	0.0474648	0.0444478	0.0490909	0.0527356	0.0490916	0.0589836	0.0504278	0.0507739	0.0535412	0.0521859	0.0553968	0.054487	0.0649021	0.0564447	0.0577748	0.058154	0.0657429	0.0610739	0.0615447	0.0616124	0.061796	0.0789487	0.0645709	0.0666214	0.069964	0.0693258	0.0674427	0.0685391	0.0669792	0.0745476	0.0715081	0.074467	0.0760602	0.0768116	0.074966	0.0810261	0.0799503	0.0851998	0.0880104	0.0905026	0.0868894	0.0916392	0.0946962	0.0850501	0.102316	0.0811811	0.0905621	0.102771	0.105546	0.103745	0.0981712	0.116182	0.119545	0.105735	0.122345	0.122884	0.12812	0.118895	0.118929
0.0471295	0.0308178	0.0354955	0.0400351	0.035338	0.0363633	0.0364983	0.0368785	0.0352878	0.0350032	0.038601	0.036472	0.0363415	0.0397465	0.0369495	0.0388818	0.0396869	0.0400809	0.0405108	0.041631	0.0421147	0.0462847	0.0439087	0.045038	0.0454618	0.0448529	0.0470257	0.047849	0.0485877	0.0514105	0.0602348	0.0553001	0.0534264	0.0529839	0.0522027	0.0516613	0.0640171	0.0554916	0.056486	0.0632745	0.0606708	0.0601022	0.0623456	0.0688132	0.0620813	0.0657108	0.0668729	0.0752261	0.0675485	0.0686012	0.0736169	0.0852291	0.071703	0.0774235	0.0755151	0.0986157	0.0912913	0.0820358	0.118659	0.0939384	0.121759	0.0949922	0.0987651	0.115407	0.106414	0.106377	0.125904	0.135887	0.1266	0.122271	0.126589	0.125093	0.147854	0.136023	0.141806	0.158363	0.166441	0.160152	0.144885	0.160328	0.149283
0.0388181	0.0358891	0.0343008	0.0323095	0.0351683	0.0309664	0.0320366	0.0312379	0.0310664	0.0330915	0.0334871	0.0346514	0.0328295	0.0355582	0.0342823	0.0351882	0.0367091	0.0372264	0.0392076	0.0455324	0.0385947	0.041733	0.0405588	0.0509028	0.0440725	0.0448865	0.0438258	0.0442648	0.0451239	0.0463581	0.0502603	0.0491086	0.0478812	0.0493017	0.0477407	0.058363	0.0574174	0.0588849	0.0648163	0.0542006	0.0675398	0.0689453	0.0727813	0.0627132	0.0646092	0.0851523	0.0813839	0.0821112	0.082818	0.107992	0.101576	0.110453	0.113948	0.0981824	0.109376	0.119865	0.113157	0.123552	0.13432	0.13753	0.135612	0.14845	0.153667	0.149893	0.175165	0.165946	0.145529	0.179321	0.152336	0.166544	0.165385	0.186039	0.171572	0.173814	0.174942	0.18928	0.181131	0.210509	0.209911	0.1986	0.195153
0.011093	0.0254725	0.0281161	0.0266357	0.0271667	0.0265288	0.0265497	0.0278957	0.0287466	0.0280627	0.0307331	0.02924	0.0302902	0.0329861	0.0327308	0.0359931	0.0341044	0.0361006	0.0389031	0.0368083	0.0388449	0.0477201	0.0431698	0.0493487	0.0418332	0.0538614	0.0445502	0.0440065	0.0553431	0.0465598	0.0587043	0.0604103	0.0590001	0.0697548	0.0762252	0.0545371	0.0764155	0.0814289	0.071111	0.0740853	0.0998933	0.096241	0.119894	0.103384	0.125645	0.111586	0.142777	0.123708	0.128447	0.178678	0.169876	0.175649	0.150182	0.154622	0.154714	0.180591	0.165023	0.189541	0.183335	0.19562	0.218409	0.197364	0.201652	0.203608	0.230715	0.209593	0.231604	0.218704	0.220893	0.218554	0.220779	0.234853	0.268214	0.265533	0.249683	0.271708	0.254543	0.237034	0.260681	0.26314	0.26619
0.00312856	0.0126371	0.0170371	0.0171319	0.022028	0.0245591	0.0253764	0.0238673	0.0261583	0.0252549	0.0289404	0.0277172	0.0314396	0.031194	0.0312424	0.0323347	0.034241	0.034357	0.036267	0.0406262	0.0383023	0.0376311	0.0354925	0.0589718	0.0550335	0.0401301	0.0561612	0.0601633	0.0785035	0.0680557	0.0744429	0.0842195	0.102934	0.100237	0.104283	0.12291	0.128078	0.115997	0.138388	0.142055	0.159065	0.169375	0.149239	0.17429	0.177905	0.181902	0.196998	0.208262	0.222987	0.181176	0.224966	0.215915	0.222579	0.232014	0.248142	0.245232	0.254612	0.251132	0.256382	0.24738	0.257106	0.245501	0.269724	0.278672	0.298911	0.273682	0.266893	0.299033	0.295754	0.291186	0.277736	0.304275	0.286903	0.295884	0.311983	0.306336	0.309398	0.314044	0.299388	0.310684	0.306772
0.00229108	0.0081159	0.00953128	0.0146749	0.0173	0.0194982	0.0221544	0.0237628	0.0256874	0.0255109	0.0283637	0.0289932	0.0317582	0.0464609	0.0383699	0.0421683	0.0464746	0.0419633	0.0402044	0.0565735	0.0716084	0.0683807	0.0888989	0.0846324	0.115032	0.109898	0.127984	0.146525	0.153358	0.15739	0.169249	0.160997	0.186753	0.17415	0.199019	0.22475	0.206829	0.208212	0.240003	0.239606	0.236383	0.271792	0.278066	0.258551	0.282056	0.29036	0.275093	0.279793	0.28212	0.268875	0.261461	0.285373	0.297284	0.306821	0.287625	0.306179	0.308856	0.320889	0.32471	0.316585	0.33118	0.329659	0.329061	0.320707	0.32763	0.338698	0.332617	0.33216	0.337447	0.341328	0.32991	0.340685	0.345445	0.336441	0.330467	0.338038	0.341958	0.350561	0.350691	0.348654	0.329662
0.00147282	0.019592	0.0203518	0.020177	0.0166597	0.0203781	0.0240128	0.026216	0.0272851	0.0288379	0.0529151	0.0545528	0.11138	0.114321	0.0789817	0.110658	0.0941111	0.142834	0.167674	0.200723	0.19826	0.21105	0.230171	0.21275	0.226136	0.253991	0.257813	0.270119	0.265886	0.296474	0.293378	0.302862	0.299278	0.302054	0.314578	0.29602	0.316818	0.325389	0.327128	0.34016	0.335133	0.334627	0.339838	0.338174	0.347659	0.346553	0.338705	0.347746	0.352204	0.350777	0.341287	0.352795	0.347838	0.356652	0.347682	0.358632	0.358121	0.352016	0.355933	0.35524	0.362355	0.364833	0.358774	0.360783	0.363791	0.360915	0.362121	0.362908	0.359897	0.364508	0.367603	0.363474	0.360832	0.365435	0.363216	0.368547	0.358691	0.368376	0.36336	0.36606	0.366573
0.00274353	0.02111	0.0389073	0.0484851	0.0965945	0.0607536	0.137838	0.187697	0.27472	0.274262	0.244668	0.315821	0.303429	0.31641	0.320979	0.352628	0.338064	0.359805	0.346794	0.353544	0.357427	0.345018	0.368921	0.350966	0.35706	0.349732	0.369329	0.363989	0.364686	0.362056	0.370639	0.369115	0.371188	0.366101	0.360958	0.364055	0.369058	0.369054	0.36887	0.366622	0.371352	0.370378	0.364922	0.370902	0.371117	0.368968	0.367723	0.373949	0.372291	0.372332	0.370109	0.370427	0.369955	0.37251	0.366964	0.366641	0.372803	0.370204	0.36954	0.368588	0.366301	0.369056	0.371161	0.36986	0.369119	0.365536	0.371049	0.368333	0.367107	0.366029	0.370288	0.369204	0.368848	0.366553	0.369641	0.369809	0.373314	0.373374	0.374067	0.372989	0.372404
0.239363	0.239146	0.23913	0.244541	0.257014	0.278088	0.305461	0.285911	0.293168	0.325824	0.335118	0.339925	0.347029	0.3449	0.346443	0.366899	0.36483	0.353054	0.350801	0.354882	0.361221	0.357925	0.360849	0.355961	0.356198	0.361777	0.363972	0.354249	0.359938	0.347668	0.363199	0.354755	0.363363	0.361604	0.362845	0.358694	0.361878	0.363499	0.36302	0.358626	0.353917	0.359382	0.364013	0.359156	0.364611	0.359772	0.363205	0.353696	0.367787	0.364355	0.354823	0.360241	0.357315	0.359773	0.359657	0.369245	0.352812	0.36689	0.358284	0.355495	0.364011	0.361919	0.359614	0.363347	0.363893	0.366608	0.367736	0.368177	0.366464	0.358247	0.363325	0.365986	0.366275	0.35951	0.368085	0.364146	0.364056	0.370342	0.370558	0.359694	0.362071
0.256396	0.256391	0.256435	0.256268	0.256438	0.256439	0.256008	0.261345	0.257111	0.266969	0.267943	0.278355	0.275629	0.285133	0.294153	0.29804	0.30531	0.307805	0.318601	0.313964	0.320033	0.310284	0.321321	0.328169	0.322409	0.322894	0.322105	0.319872	0.324495	0.325096	0.319069	0.327963	0.319939	0.313478	0.317175	0.330874	0.3359	0.325458	0.329247	0.327532	0.322256	0.324162	0.332059	0.329767	0.333498	0.326333	0.352666	0.337984	0.327266	0.332019	0.337213	0.338986	0.3354	0.336002	0.332327	0.349669	0.338435	0.345598	0.332335	0.343811	0.346417	0.345328	0.345424	0.351228	0.353082	0.342091	0.349715	0.362936	0.342451	0.350149	0.347731	0.350769	0.351775	0.35465	0.35007	0.352264	0.351965	0.361152	0.356839	0.362086	0.35615
0.270737	0.27071	0.270768	0.270885	0.270687	0.270642	0.270304	0.270184	0.270899	0.271745	0.270544	0.272428	0.272753	0.274725	0.277715	0.285485	0.285128	0.285717	0.288856	0.283642	0.284605	0.293284	0.295796	0.295764	0.299233	0.292198	0.301673	0.30267	0.303263	0.296764	0.313905	0.302716	0.3046	0.314663	0.300168	0.311274	0.296903	0.301725	0.300744	0.321509	0.309529	0.313154	0.306578	0.308961	0.312211	0.304386	0.315688	0.316191	0.309747	0.317467	0.320741	0.318173	0.313928	0.315115	0.323951	0.322182	0.321065	0.32328	0.322114	0.32967	0.338168	0.332037	0.336308	0.324927	0.33232	0.333062	0.330254	0.333561	0.333802	0.341976	0.328968	0.343309	0.335611	0.341347	0.340696	0.349187	0.339542	0.345313	0.345571	0.340446	0.35177
0.282898	0.283019	0.282985	0.283078	0.282984	0.282993	0.283324	0.282842	0.283239	0.283128	0.28268	0.283648	0.285694	0.282749	0.283136	0.282718	0.285166	0.28727	0.282978	0.28687	0.290354	0.289573	0.2885	0.290577	0.292323	0.28858	0.291914	0.297185	0.29396	0.296049	0.296176	0.295467	0.296358	0.300238	0.301171	0.299958	0.295183	0.293534	0.296551	0.300925	0.305633	0.29885	0.29683	0.30004	0.300833	0.300848	0.302344	0.304618	0.299623	0.304105	0.303635	0.3047	0.307473	0.306438	0.319151	0.306423	0.308444	0.313163	0.317327	0.318481	0.317626	0.318652	0.32359	0.323491	0.317563	0.322833	0.331648	0.32347	0.328586	0.329703	0.333275	0.330835	0.330682	0.333393	0.348045	0.33936	0.340179	0.327832	0.337435	0.339849	0.337776
0.293925	0.293882	0.293984	0.293867	0.293835	0.293955	0.293765	0.293949	0.293341	0.294315	0.293573	0.293677	0.293742	0.293509	0.293825	0.293564	0.293549	0.294884	0.296249	0.294774	0.294357	0.294677	0.295872	0.295768	0.294028	0.298715	0.297851	0.299003	0.29674	0.29785	0.294547	0.297982	0.29888	0.297633	0.302398	0.303106	0.299533	0.29702	0.303448	0.298696	0.303115	0.307143	0.305622	0.306832	0.301891	0.310032	0.301584	0.306608	0.301816	0.305108	0.305392	0.309947	0.305773	0.314558	0.306846	0.316403	0.31021	0.314854	0.317673	0.313596	0.315983	0.321354	0.311197	0.32224	0.322058	0.315841	0.314456	0.323586	0.318101	0.321868	0.317004	0.3372	0.330535	0.32337	0.319507	0.331737	0.332745	0.331067	0.332159	0.329499	0.337372
0.303889	0.303868	0.303721	0.303862	0.303981	0.303603	0.303587	0.30405	0.30387	0.304632	0.304566	0.303899	0.303805	0.30294	0.3044	0.303917	0.304128	0.304456	0.304244	0.303019	0.30346	0.304006	0.302736	0.302535	0.304969	0.303043	0.30447	0.304645	0.305634	0.306008	0.30483	0.308076	0.303408	0.306052	0.305405	0.305669	0.307347	0.304531	0.309215	0.310009	0.308544	0.306968	0.305602	0.305546	0.307684	0.308929	0.311493	0.308889	0.305638	0.312457	0.31159	0.313795	0.311335	0.314219	0.316134	0.313024	0.311386	0.316308	0.316665	0.32102	0.314359	0.321579	0.316246	0.314581	0.314333	0.320947	0.315357	0.322934	0.324569	0.322934	0.315756	0.323948	0.325107	0.322227	0.325866	0.330543	0.334677	0.333374	0.33287	0.33687	0.334267
0.312994	0.312962	0.313037	0.313016	0.312952	0.313094	0.313186	0.31287	0.312563	0.313351	0.313448	0.313147	0.313426	0.313354	0.313197	0.313639	0.313379	0.311965	0.312693	0.312802	0.312601	0.312978	0.311399	0.312458	0.313631	0.312958	0.313334	0.31178	0.314709	0.314402	0.313284	0.315477	0.313488	0.314475	0.312716	0.315152	0.315096	0.313068	0.315822	0.314487	0.313403	0.313952	0.313654	0.312307	0.314464	0.315683	0.313339	0.314458	0.316951	0.313342	0.313567	0.31473	0.31644	0.313245	0.320062	0.315202	0.319116	0.31746	0.323343	0.319248	0.321644	0.321957	0.322393	0.320483	0.317414	0.319578	0.326659	0.32681	0.33056	0.330954	0.331475	0.323517	0.327676	0.3302	0.326572	0.330434	0.324942	0.330046	0.331194	0.331091	0.336208
0.321473	0.321461	0.321468	0.321289	0.321322	0.321516	0.321135	0.321073	0.321437	0.320615	0.321212	0.321041	0.321497	0.321296	0.321149	0.320835	0.321089	0.321447	0.321546	0.321602	0.321381	0.322536	0.320967	0.321212	0.322837	0.320448	0.321097	0.32183	0.321169	0.321145	0.320761	0.324512	0.322721	0.320483	0.321185	0.322056	0.32192	0.321023	0.322942	0.322877	0.32295	0.322714	0.321224	0.322062	0.321759	0.325681	0.319697	0.323387	0.325055	0.325301	0.323974	0.326079	0.325077	0.325306	0.325596	0.327225	0.329567	0.325607	0.325659	0.322238	0.32869	0.326639	0.328495	0.328593	0.327999	0.330611	0.326554	0.327811	0.330323	0.331537	0.333841	0.326923	0.334442	0.327705	0.333346	0.334243	0.337722	0.334764	0.330996	0.332912	0.338929
0.329387	0.32939	0.32934	0.32928	0.329475	0.329301	0.329547	0.328977	0.329712	0.329216	0.329513	0.329758	0.328908	0.328869	0.329058	0.328922	0.329138	0.328227	0.329247	0.3287	0.328715	0.330263	0.329048	0.329694	0.328732	0.328484	0.328916	0.330113	0.332636	0.329949	0.329117	0.33002	0.332257	0.331466	0.329873	0.328433	0.329438	0.330804	0.329719	0.329906	0.331262	0.329239	0.328854	0.330827	0.332078	0.331713	0.330446	0.330519	0.33087	0.334293	0.333555	0.330919	0.331884	0.330606	0.330145	0.331539	0.334133	0.331783	0.331892	0.334982	0.335457	0.334343	0.332182	0.337078	0.333838	0.335495	0.33576	0.339783	0.333743	0.334502	0.335942	0.344617	0.339111	0.339683	0.337899	0.337035	0.336072	0.336337	0.336176	0.339032	0.34082
0.336882	0.3369	0.336935	0.336877	0.33698	0.336949	0.336836	0.336731	0.336689	0.336421	0.336881	0.336271	0.336964	0.336697	0.337117	0.336503	0.336277	0.336789	0.335584	0.337779	0.337034	0.335693	0.336846	0.336455	0.336667	0.335266	0.336319	0.336676	0.336544	0.335799	0.337359	0.335989	0.336926	0.336267	0.336335	0.3374	0.337746	0.335845	0.337603	0.337709	0.337227	0.338662	0.337092	0.339175	0.338427	0.339344	0.337494	0.339592	0.336707	0.338101	0.338674	0.336733	0.34065	0.336092	0.342299	0.339856	0.337174	0.337938	0.337032	0.33793	0.340092	0.339737	0.338452	0.339719	0.341208	0.342685	0.340695	0.342263	0.339112	0.343373	0.340969	0.34012	0.34548	0.343033	0.344306	0.345686	0.343807	0.344088	0.344136	0.347517	0.345573
0.343962	0.343953	0.343975	0.343905	0.343971	0.344201	0.344127	0.343886	0.344129	0.343755	0.344096	0.344279	0.344307	0.343112	0.343957	0.344153	0.343418	0.343077	0.344106	0.343463	0.341978	0.345002	0.343847	0.344431	0.344038	0.343448	0.34419	0.343457	0.344489	0.343337	0.342644	0.344086	0.343583	0.344616	0.343171	0.343019	0.345032	0.343965	0.345088	0.344614	0.345296	0.342807	0.343777	0.344083	0.345442	0.344862	0.344455	0.345374	0.345576	0.345602	0.345352	0.34548	0.344853	0.344282	0.345705	0.346186	0.347577	0.346422	0.346517	0.346118	0.348749	0.344372	0.347308	0.348355	0.344028	0.346109	0.348431	0.345137	0.344955	0.346843	0.349348	0.348843	0.349693	0.353705	0.350956	0.353157	0.349069	0.343715	0.350938	0.353228	0.354979
0.350619	0.350717	0.350748	0.350555	0.350815	0.350461	0.350517	0.350658	0.35046	0.350682	0.350473	0.350301	0.350544	0.349931	0.350504	0.350532	0.349592	0.350871	0.350039	0.350509	0.350993	0.350968	0.349943	0.349868	0.351114	0.351639	0.350732	0.348467	0.351939	0.350581	0.350768	0.349642	0.352124	0.350536	0.351386	0.351122	0.350114	0.353748	0.351964	0.350531	0.350323	0.352199	0.350322	0.350626	0.351058	0.352892	0.35135	0.349555	0.352931	0.352995	0.350591	0.350936	0.352302	0.351605	0.35071	0.354544	0.354276	0.352006	0.350469	0.354181	0.353732	0.352369	0.355708	0.354763	0.353843	0.354959	0.352933	0.354765	0.356516	0.353351	0.356751	0.352786	0.358291	0.348877	0.355982	0.357038	0.352557	0.353782	0.355397	0.353861	0.357355
0.357147	0.357155	0.357192	0.357122	0.357169	0.357222	0.357002	0.357164	0.356662	0.357244	0.356071	0.356648	0.357125	0.359695	0.3581	0.357018	0.357565	0.35693	0.357247	0.355967	0.356951	0.357707	0.357419	0.357299	0.356931	0.357469	0.357398	0.356833	0.358012	0.35617	0.357098	0.356163	0.357538	0.359066	0.357548	0.358405	0.356385	0.357118	0.356958	0.356933	0.358018	0.357294	0.356781	0.357332	0.358145	0.356974	0.357196	0.355769	0.357867	0.358445	0.357805	0.356231	0.359214	0.357129	0.360606	0.360841	0.358327	0.359735	0.358566	0.358453	0.356851	0.360511	0.358947	0.359613	0.356412	0.357834	0.358664	0.358331	0.357802	0.359273	0.361176	0.359983	0.358124	0.363005	0.358563	0.363526	0.361362	0.361503	0.361999	0.359345	0.363739
0.363347	0.363267	0.363243	0.363222	0.363455	0.363517	0.363162	0.363327	0.363528	0.362945	0.362991	0.363452	0.362578	0.363613	0.362378	0.363418	0.362702	0.362397	0.362867	0.362686	0.364011	0.36346	0.362808	0.362599	0.361925	0.36338	0.365334	0.362685	0.360923	0.364539	0.363592	0.363143	0.363471	0.364334	0.363786	0.364362	0.362665	0.361912	0.364285	0.364259	0.363425	0.363938	0.363349	0.364031	0.363456	0.363444	0.365401	0.364314	0.364684	0.363079	0.36248	0.364669	0.36306	0.363359	0.362855	0.361955	0.364564	0.364215	0.366127	0.364795	0.362342	0.364168	0.367655	0.368021	0.366013	0.363918	0.366191	0.365759	0.364759	0.365713	0.3657	0.365034	0.368309	0.364752	0.366107	0.368915	0.362205	0.367196	0.366738	0.368477	0.368417
0.369161	0.369166	0.369236	0.370501	0.369298	0.369318	0.369163	0.369337	0.369404	0.369199	0.369419	0.36869	0.369585	0.369329	0.368776	0.368571	0.369277	0.368999	0.368828	0.36884	0.368021	0.368556	0.367897	0.369493	0.369614	0.370479	0.370167	0.369441	0.368975	0.368942	0.370642	0.370138	0.369122	0.369754	0.369416	0.369003	0.368249	0.369291	0.368781	0.369655	0.369717	0.369265	0.369746	0.369228	0.370047	0.370558	0.371593	0.370121	0.37049	0.3721	0.368941	0.372174	0.370231	0.37024	0.368732	0.370695	0.370701	0.368437	0.368364	0.37143	0.373222	0.371815	0.370818	0.370286	0.375531	0.371372	0.373086	0.374056	0.371694	0.374164	0.370766	0.372635	0.371624	0.371343	0.371173	0.369905	0.371949	0.375125	0.373595	0.372958	0.371993
0.374805	0.374825	0.37482	0.374916	0.374723	0.374826	0.375045	0.375082	0.374571	0.374412	0.374399	0.375022	0.374854	0.374413	0.373724	0.374968	0.373905	0.37415	0.373886	0.374362	0.373535	0.374083	0.373917	0.374431	0.3729	0.37429	0.373179	0.374481	0.374542	0.375272	0.375386	0.374302	0.37536	0.374817	0.374488	0.375323	0.373998	0.373987	0.374567	0.376239	0.374723	0.372021	0.373895	0.374117	0.374735	0.37625	0.376113	0.375459	0.375609	0.37753	0.377398	0.376986	0.375014	0.374434	0.377538	0.374417	0.376006	0.374845	0.376976	0.378033	0.377241	0.374119	0.376219	0.377203	0.376598	0.375163	0.379728	0.378806	0.379669	0.376555	0.376551	0.376616	0.377848	0.374717	0.375866	0.377176	0.376941	0.376646	0.379886	0.379491	0.38044
0.380274	0.380281	0.380291	0.380314	0.380359	0.380047	0.380324	0.380289	0.380162	0.38001	0.380036	0.379862	0.38035	0.381208	0.37972	0.379472	0.380698	0.379926	0.381851	0.379585	0.380819	0.380584	0.380204	0.380667	0.380421	0.380042	0.380008	0.379386	0.379415	0.379049	0.379612	0.381513	0.378367	0.37846	0.380487	0.380882	0.380894	0.380088	0.37951	0.380975	0.380042	0.381469	0.380349	0.380744	0.382719	0.381819	0.382086	0.38261	0.380236	0.3816	0.381757	0.382333	0.38155	0.382764	0.380601	0.382102	0.38259	0.379952	0.382035	0.382601	0.380571	0.381343	0.383807	0.381773	0.381368	0.380614	0.383592	0.380985	0.385309	0.384321	0.379844	0.384382	0.380562	0.383568	0.380769	0.380611	0.384703	0.386012	0.384842	0.388054	0.381178
0.385558	0.385559	0.385603	0.385488	0.386837	0.385768	0.385596	0.384908	0.385616	0.386847	0.38507	0.385322	0.384908	0.386377	0.384709	0.385477	0.386587	0.384668	0.385505	0.386054	0.384019	0.385621	0.38408	0.387683	0.38683	0.38417	0.385222	0.384507	0.385421	0.385527	0.385437	0.387278	0.385317	0.384497	0.385433	0.385919	0.384829	0.385214	0.385286	0.384527	0.385836	0.384749	0.386534	0.385411	0.384825	0.384668	0.385962	0.384662	0.386097	0.386194	0.387462	0.385374	0.383526	0.385231	0.386966	0.385294	0.387698	0.386868	0.387797	0.386908	0.384771	0.386813	0.388566	0.384137	0.388468	0.385263	0.388614	0.388715	0.387346	0.384942	0.391115	0.385952	0.388437	0.387829	0.38814	0.389595	0.387889	0.384201	0.387406	0.386467	0.389372
0.390565	0.391871	0.390742	0.390664	0.390708	0.390609	0.390694	0.390905	0.390233	0.390921	0.390467	0.389826	0.390822	0.390259	0.390331	0.39033	0.390075	0.389355	0.390352	0.390193	0.390422	0.388961	0.390262	0.390971	0.390061	0.39108	0.390816	0.389575	0.390597	0.390177	0.391656	0.391786	0.390059	0.389619	0.389251	0.390071	0.390978	0.391166	0.389951	0.3891	0.390127	0.390948	0.390765	0.390968	0.391523	0.389524	0.39077	0.390298	0.390293	0.391055	0.38909	0.391388	0.392111	0.392131	0.390865	0.39225	0.390635	0.392272	0.389746	0.392699	0.39216	0.393363	0.391873	0.393511	0.394065	0.392442	0.392767	0.394879	0.395733	0.393859	0.390259	0.392275	0.395595	0.393024	0.393157	0.396788	0.393864	0.393415	0.392021	0.395377	0.392749
0.395427	0.395433	0.395419	0.395385	0.39547	0.395484	0.395495	0.395641	0.395611	0.396538	0.395313	0.395519	0.395141	0.395003	0.395206	0.394684	0.39499	0.39441	0.395459	0.394837	0.394874	0.395611	0.394195	0.393972	0.395198	0.395713	0.39565	0.396135	0.394606	0.394346	0.395571	0.397406	0.395689	0.397035	0.394389	0.394795	0.395552	0.39679	0.395289	0.39499	0.393895	0.39669	0.396427	0.397249	0.394674	0.394886	0.396681	0.397149	0.395928	0.393332	0.396959	0.395498	0.399262	0.394892	0.397378	0.397366	0.397097	0.397931	0.393572	0.397644	0.396328	0.399477	0.398092	0.397283	0.398239	0.39612	0.396381	0.395625	0.397359	0.397688	0.399363	0.397553	0.399611	0.397136	0.396951	0.396934	0.398186	0.396596	0.395366	0.399145	0.399924
0.400141	0.400147	0.400112	0.40026	0.400244	0.40015	0.399846	0.400078	0.399975	0.400278	0.400373	0.400008	0.400437	0.399572	0.401289	0.400714	0.399446	0.400318	0.398695	0.399794	0.399254	0.399582	0.40003	0.400975	0.399736	0.398522	0.398493	0.39869	0.399863	0.399549	0.399497	0.400839	0.400629	0.399744	0.400092	0.400195	0.400305	0.399735	0.40059	0.399006	0.400731	0.400308	0.399752	0.399892	0.399932	0.401882	0.401272	0.403043	0.401877	0.398445	0.401212	0.401168	0.402365	0.402264	0.40027	0.399232	0.400397	0.401787	0.400477	0.400358	0.39855	0.400447	0.400884	0.400967	0.400903	0.401271	0.402666	0.398337	0.402752	0.403735	0.40601	0.404057	0.402267	0.403469	0.401329	0.40145	0.400538	0.404216	0.40049	0.40285	0.399758
0.404819	0.404791	0.404794	0.404821	0.404803	0.404462	0.404366	0.404722	0.404284	0.404279	0.404384	0.40439	0.405394	0.404235	0.40437	0.405061	0.405996	0.404203	0.404125	0.404426	0.404612	0.405069	0.404676	0.405439	0.404067	0.403908	0.404229	0.403522	0.404339	0.40444	0.403574	0.403881	0.404615	0.406126	0.402514	0.405137	0.405453	0.403667	0.404686	0.405102	0.404787	0.405483	0.404144	0.403672	0.404239	0.402637	0.406344	0.40415	0.405354	0.405879	0.405886	0.406413	0.403374	0.404777	0.404411	0.402928	0.404458	0.4056	0.408069	0.407082	0.404391	0.40643	0.405885	0.407442	0.404483	0.404787	0.405794	0.408876	0.408454	0.406683	0.403754	0.405868	0.406429	0.409399	0.407094	0.410049	0.406544	0.406932	0.408811	0.407199	0.405156
0.409173	0.409198	0.40917	0.409183	0.410493	0.409137	0.408938	0.408965	0.409236	0.408601	0.409007	0.408903	0.408878	0.408535	0.408417	0.408241	0.410031	0.40872	0.40863	0.408141	0.40941	0.408338	0.408607	0.408921	0.408724	0.40903	0.408385	0.40861	0.408091	0.408663	0.410968	0.409666	0.409872	0.408606	0.409502	0.407828	0.408081	0.409985	0.4078	0.408698	0.409629	0.407714	0.408432	0.410117	0.408787	0.409453	0.408365	0.410845	0.4099	0.409682	0.407986	0.408387	0.411435	0.409436	0.409672	0.409582	0.412395	0.407116	0.410331	0.411832	0.410245	0.411679	0.411496	0.40924	0.408747	0.411069	0.410458	0.412046	0.412483	0.411827	0.408776	0.412055	0.413131	0.411364	0.413064	0.412784	0.411585	0.412037	0.413943	0.413366	0.408619
0.413455	0.413451	0.413432	0.413472	0.41343	0.413333	0.413521	0.413515	0.413386	0.413357	0.412903	0.412397	0.412583	0.412409	0.412874	0.413456	0.412477	0.414312	0.413267	0.412274	0.413851	0.413121	0.413114	0.411415	0.412827	0.412278	0.413043	0.413513	0.412856	0.412935	0.414394	0.412541	0.413455	0.41347	0.41264	0.412364	0.412385	0.413091	0.414436	0.413566	0.413125	0.414648	0.412195	0.413749	0.414533	0.413894	0.414102	0.415632	0.413227	0.414527	0.412009	0.414016	0.41412	0.413572	0.412066	0.41445	0.414267	0.415202	0.413716	0.415002	0.413641	0.416971	0.413705	0.413926	0.411854	0.415538	0.416661	0.41419	0.414207	0.414649	0.415514	0.414691	0.414232	0.417607	0.416071	0.415759	0.417543	0.413817	0.417364	0.417071	0.416546
0.417596	0.417536	0.417528	0.417519	0.417564	0.417545	0.417638	0.417447	0.417024	0.416809	0.418021	0.418547	0.417064	0.417445	0.418768	0.417753	0.417263	0.416695	0.416434	0.416985	0.416693	0.41658	0.417804	0.417318	0.416857	0.418033	0.419603	0.417019	0.416935	0.417165	0.41599	0.416453	0.417901	0.417168	0.41691	0.417358	0.416422	0.4176	0.415731	0.417269	0.41879	0.418362	0.417473	0.418675	0.416904	0.417322	0.416382	0.417628	0.419234	0.415966	0.41713	0.420049	0.419214	0.417055	0.418873	0.419263	0.41766	0.416643	0.418396	0.419302	0.417507	0.420131	0.418207	0.418112	0.419009	0.418016	0.418227	0.4189	0.419854	0.420604	0.419666	0.419093	0.416597	0.42045	0.41948	0.423703	0.419824	0.419192	0.422672	0.42132	0.417252
0.421576	0.421598	0.421537	0.421601	0.421547	0.421109	0.421624	0.421778	0.421673	0.421747	0.421113	0.420698	0.420998	0.421992	0.421404	0.420894	0.420946	0.42076	0.42055	0.421833	0.42178	0.422368	0.419731	0.420703	0.420155	0.419115	0.421453	0.421018	0.421179	0.421988	0.420163	0.420191	0.421107	0.420772	0.420769	0.420326	0.423462	0.419687	0.421256	0.422382	0.421346	0.421916	0.421486	0.421956	0.422305	0.421883	0.421872	0.421305	0.421251	0.421067	0.423037	0.423378	0.420036	0.423074	0.421147	0.421438	0.423216	0.420551	0.421906	0.420821	0.421672	0.42137	0.421887	0.423063	0.42385	0.423613	0.421183	0.424263	0.424089	0.423966	0.423317	0.422155	0.422209	0.424546	0.421191	0.421647	0.423609	0.424005	0.425215	0.42361	0.422746
0.425467	0.425499	0.425442	0.426658	0.425449	0.425459	0.425078	0.427252	0.425119	0.425695	0.42604	0.424581	0.424451	0.425188	0.424738	0.424625	0.425416	0.424929	0.424578	0.42527	0.424396	0.424648	0.425844	0.425634	0.425594	0.424648	0.424884	0.424609	0.425938	0.425678	0.425973	0.424897	0.426043	0.424706	0.425548	0.423577	0.426326	0.42582	0.425213	0.424417	0.42595	0.425065	0.426172	0.424925	0.425059	0.426763	0.425613	0.425718	0.42575	0.426042	0.427786	0.425673	0.426964	0.423428	0.425077	0.42644	0.427899	0.427022	0.4265	0.425763	0.426149	0.428376	0.427509	0.426877	0.425927	0.425493	0.425307	0.428661	0.42432	0.426628	0.425598	0.424734	0.426341	0.427096	0.428227	0.427033	0.426736	0.427917	0.427712	0.432526	0.429438
0.429189	0.429265	0.429249	0.429172	0.429192	0.429201	0.430479	0.429427	0.429461	0.429217	0.428863	0.429141	0.429285	0.428622	0.429189	0.428794	0.42837	0.429526	0.42846	0.429054	0.427506	0.428665	0.430913	0.428663	0.429551	0.428739	0.428418	0.428865	0.428633	0.428446	0.428843	0.428954	0.427713	0.428087	0.429416	0.427901	0.427811	0.429566	0.428287	0.429718	0.430103	0.429298	0.429098	0.429848	0.429301	0.430918	0.428517	0.429034	0.429679	0.430386	0.428515	0.428974	0.430268	0.429096	0.428759	0.429342	0.430288	0.430085	0.430206	0.430551	0.431983	0.430514	0.4292	0.427985	0.429767	0.430493	0.42981	0.430635	0.43116	0.43028	0.432362	0.431963	0.430342	0.43133	0.429943	0.430343	0.429426	0.431367	0.432282	0.433569	0.430898
0.432872	0.432869	0.432915	0.43287	0.433784	0.43295	0.432868	0.432849	0.433024	0.432458	0.432522	0.432455	0.432938	0.431631	0.432649	0.433125	0.432401	0.432858	0.432432	0.431408	0.432702	0.43173	0.432188	0.432029	0.431929	0.431737	0.431909	0.432921	0.433422	0.432304	0.432978	0.430926	0.433783	0.431551	0.431747	0.431846	0.431231	0.431591	0.432096	0.430849	0.433005	0.431037	0.433286	0.432537	0.433201	0.431446	0.434616	0.432879	0.43439	0.433892	0.433071	0.437012	0.433448	0.431273	0.433604	0.431381	0.434552	0.435777	0.433808	0.432066	0.433295	0.432812	0.435366	0.431493	0.43226	0.432686	0.433788	0.433297	0.433646	0.435613	0.432635	0.434647	0.434317	0.431971	0.432533	0.433513	0.43508	0.434062	0.434289	0.434047	0.43452
0.436404	0.436403	0.436427	0.436451	0.436326	0.436494	0.436489	0.436151	0.436418	0.437008	0.435593	0.436098	0.436288	0.436209	0.435955	0.436128	0.435386	0.436685	0.436581	0.436683	0.436087	0.435218	0.435013	0.43663	0.435522	0.436251	0.435918	0.437218	0.435743	0.435205	0.435355	0.435301	0.434985	0.436688	0.436038	0.436886	0.436013	0.437091	0.437269	0.436785	0.436919	0.43647	0.435541	0.436897	0.43621	0.437752	0.435202	0.435095	0.436776	0.436791	0.433773	0.436276	0.436665	0.436387	0.437314	0.43628	0.437116	0.439445	0.435771	0.439724	0.4372	0.437235	0.435881	0.435757	0.438055	0.438128	0.437047	0.437502	0.43846	0.43861	0.436658	0.438066	0.436567	0.435868	0.439449	0.435928	0.43771	0.437512	0.438181	0.437719	0.439558
0.439837	0.43992	0.439842	0.439873	0.439909	0.440748	0.439672	0.439787	0.439977	0.439724	0.440275	0.439365	0.439457	0.439491	0.439678	0.438434	0.439291	0.439055	0.439196	0.439577	0.439543	0.438101	0.438232	0.440221	0.439193	0.43897	0.438476	0.438455	0.438896	0.439114	0.438031	0.438746	0.440031	0.439273	0.440896	0.439201	0.440078	0.438372	0.440478	0.43955	0.439387	0.43984	0.439651	0.438568	0.438594	0.439628	0.44049	0.439883	0.438235	0.440478	0.439241	0.43954	0.439853	0.438518	0.44048	0.43907	0.440065	0.43971	0.441357	0.440224	0.442432	0.44147	0.441483	0.440132	0.441229	0.439079	0.440681	0.443408	0.440186	0.440713	0.441723	0.437456	0.439444	0.444437	0.444995	0.438384	0.442915	0.440661	0.440693	0.440589	0.442163
0.443176	0.443243	0.44317	0.443314	0.443224	0.443608	0.443265	0.443201	0.443391	0.443228	0.443441	0.442472	0.442926	0.443376	0.44393	0.443406	0.442512	0.442983	0.442702	0.442526	0.441686	0.44304	0.441957	0.443109	0.442522	0.442614	0.441837	0.440794	0.443918	0.442453	0.441626	0.443403	0.441712	0.442475	0.444286	0.441495	0.44381	0.443159	0.442382	0.442412	0.441705	0.4428	0.444862	0.442072	0.442493	0.443307	0.442872	0.443595	0.442337	0.443631	0.443273	0.442129	0.445208	0.443789	0.444218	0.443479	0.443845	0.443535	0.444179	0.444206	0.44447	0.442139	0.442878	0.444937	0.441922	0.44356	0.444384	0.44521	0.446284	0.443858	0.446787	0.444008	0.446672	0.444715	0.445923	0.444539	0.442516	0.445049	0.443241	0.441387	0.446519
0.446445	0.446441	0.446485	0.446382	0.446377	0.446536	0.446499	0.446505	0.446404	0.446576	0.446354	0.446381	0.44645	0.445618	0.447163	0.446141	0.446031	0.446171	0.445868	0.446024	0.447296	0.445665	0.446867	0.446686	0.446197	0.445522	0.446698	0.446327	0.446027	0.446062	0.447048	0.446393	0.44543	0.446843	0.445922	0.445993	0.446498	0.444082	0.445121	0.447224	0.445731	0.447665	0.446509	0.447258	0.445084	0.4455	0.445782	0.448769	0.446534	0.44515	0.445043	0.446892	0.444883	0.446575	0.446356	0.446818	0.445585	0.446309	0.446025	0.446596	0.446967	0.448601	0.447757	0.448105	0.444433	0.447318	0.449516	0.445479	0.447493	0.447376	0.448401	0.446917	0.445629	0.448924	0.445318	0.449844	0.448878	0.448806	0.448732	0.448043	0.447227
0.449602	0.449611	0.450758	0.449608	0.449513	0.449713	0.449671	0.449653	0.449414	0.449558	0.449592	0.449116	0.449295	0.449627	0.449905	0.448896	0.448828	0.448843	0.447626	0.449509	0.448925	0.449208	0.449967	0.448629	0.449123	0.448632	0.448218	0.448664	0.449694	0.449356	0.449946	0.450435	0.448372	0.449362	0.447911	0.448429	0.449446	0.448248	0.448386	0.450494	0.449908	0.449161	0.447896	0.450121	0.449338	0.449158	0.450262	0.44988	0.450397	0.450701	0.449004	0.448123	0.449746	0.451052	0.449738	0.450429	0.448798	0.450686	0.449082	0.449514	0.449641	0.451365	0.449623	0.449825	0.448546	0.449524	0.449096	0.449932	0.448353	0.451748	0.44941	0.452841	0.451553	0.451614	0.447918	0.450154	0.447727	0.449677	0.448158	0.452413	0.450793
0.452686	0.452646	0.452722	0.452747	0.452675	0.452531	0.452797	0.452757	0.452575	0.45262	0.45243	0.45208	0.453402	0.45207	0.452685	0.452582	0.452717	0.452557	0.452169	0.451884	0.452426	0.452748	0.451245	0.452849	0.452927	0.453109	0.453693	0.450642	0.45232	0.453478	0.452288	0.451747	0.452468	0.452731	0.453579	0.450882	0.451569	0.452037	0.452756	0.451378	0.451501	0.451407	0.452411	0.451141	0.451086	0.451978	0.451612	0.454303	0.452222	0.450144	0.455126	0.450364	0.455067	0.453466	0.450884	0.450819	0.451661	0.452071	0.454562	0.454386	0.454902	0.455259	0.452685	0.451913	0.452484	0.453665	0.453409	0.45107	0.45396	0.454762	0.452708	0.455486	0.454299	0.449653	0.453382	0.455481	0.451278	0.454051	0.452912	0.453143	0.452729
0.455661	0.455675	0.455726	0.455642	0.455739	0.455617	0.455594	0.455775	0.45562	0.455576	0.455548	0.455791	0.455742	0.455177	0.455175	0.455661	0.454568	0.455465	0.454689	0.455234	0.455135	0.454572	0.454743	0.45514	0.456027	0.45538	0.455431	0.455099	0.458362	0.454647	0.454457	0.455707	0.455674	0.455193	0.455234	0.455585	0.455844	0.456484	0.455354	0.455055	0.456127	0.455201	0.455625	0.455105	0.455392	0.455519	0.455791	0.457028	0.455967	0.455773	0.454978	0.455639	0.454886	0.454057	0.455001	0.458028	0.458365	0.455282	0.457032	0.456274	0.454814	0.456056	0.455912	0.456916	0.456855	0.456365	0.457775	0.455025	0.45699	0.458096	0.455995	0.456437	0.458466	0.456455	0.457623	0.45755	0.456824	0.458659	0.461927	0.455427	0.455345
0.45852	0.458528	0.458531	0.458552	0.458517	0.45853	0.458463	0.458549	0.458547	0.458422	0.458186	0.458228	0.458102	0.458403	0.45865	0.458238	0.45832	0.458737	0.458709	0.457995	0.457764	0.458323	0.457674	0.457772	0.458688	0.457524	0.456999	0.457685	0.457253	0.457215	0.458021	0.458706	0.45816	0.458503	0.45561	0.458354	0.457902	0.456823	0.459171	0.45814	0.458443	0.457783	0.458645	0.456162	0.4593	0.456717	0.45757	0.457425	0.458695	0.458143	0.455829	0.458304	0.456364	0.457986	0.458782	0.457558	0.458399	0.458265	0.458162	0.459456	0.458968	0.459116	0.459935	0.459	0.456844	0.457283	0.458343	0.45834	0.459935	0.460226	0.457882	0.460924	0.461006	0.459403	0.460822	0.45879	0.462562	0.460611	0.460765	0.460403	0.46062
0.461317	0.461319	0.461296	0.461344	0.461301	0.461144	0.461027	0.461362	0.461158	0.461389	0.460938	0.461757	0.46127	0.460969	0.461313	0.461265	0.460295	0.46117	0.461483	0.460329	0.460557	0.459915	0.460986	0.461937	0.45995	0.46004	0.461206	0.460016	0.461622	0.459851	0.4615	0.460321	0.460809	0.461161	0.461017	0.461671	0.459496	0.460514	0.458339	0.462104	0.462705	0.45963	0.459069	0.461183	0.459933	0.461254	0.461257	0.459677	0.461435	0.461101	0.461672	0.463427	0.459731	0.462128	0.461853	0.463387	0.460221	0.460506	0.4615	0.462319	0.459437	0.461672	0.462079	0.464934	0.462971	0.462715	0.463442	0.463721	0.463232	0.461874	0.462566	0.46181	0.463462	0.463164	0.464257	0.461558	0.462328	0.462004	0.466066	0.463239	0.45867
0.464059	0.46405	0.4641	0.464015	0.464072	0.463967	0.465175	0.46385	0.46413	0.464364	0.463537	0.463976	0.463773	0.4642	0.464344	0.462751	0.463152	0.463507	0.464319	0.464128	0.464153	0.463776	0.463121	0.462926	0.463499	0.463235	0.463598	0.464333	0.464188	0.465076	0.463523	0.463606	0.464001	0.463842	0.463033	0.463601	0.464219	0.463093	0.462382	0.463672	0.462558	0.464416	0.465256	0.463512	0.46578	0.464374	0.463571	0.464526	0.465472	0.463597	0.465951	0.466487	0.463448	0.464478	0.464543	0.463384	0.4653	0.465799	0.466008	0.464216	0.466374	0.463532	0.465637	0.464386	0.463219	0.463763	0.464066	0.466174	0.464489	0.465426	0.465526	0.465868	0.466036	0.466465	0.467278	0.467576	0.464586	0.469524	0.463931	0.468558	0.46766
0.466665	0.466702	0.466681	0.466674	0.466732	0.466818	0.467705	0.466792	0.466517	0.466626	0.466784	0.466765	0.466176	0.46624	0.466597	0.466457	0.465465	0.466263	0.465207	0.465751	0.466904	0.466847	0.465957	0.467171	0.465313	0.466199	0.466625	0.466644	0.467044	0.466567	0.466139	0.46746	0.466345	0.466312	0.466023	0.465357	0.467237	0.46517	0.466777	0.465906	0.465219	0.46431	0.467394	0.466003	0.46691	0.46613	0.467016	0.46648	0.467324	0.466084	0.465025	0.466346	0.468734	0.46857	0.467626	0.465676	0.469189	0.46639	0.465483	0.469628	0.468393	0.469811	0.467708	0.467146	0.465982	0.467323	0.467318	0.46877	0.466077	0.467336	0.468515	0.470189	0.466442	0.468782	0.471581	0.466187	0.466591	0.470091	0.467353	0.466452	0.470219
0.469229	0.46928	0.469287	0.469285	0.469278	0.469352	0.469314	0.469476	0.469303	0.469316	0.468897	0.468827	0.469761	0.469155	0.469526	0.469117	0.4694	0.46851	0.467981	0.468623	0.468137	0.46893	0.468246	0.469122	0.467761	0.468937	0.468108	0.467874	0.469706	0.468781	0.468891	0.467235	0.469322	0.472107	0.470325	0.469283	0.469412	0.469524	0.470228	0.470131	0.470741	0.471575	0.469633	0.468338	0.470866	0.469458	0.468194	0.468963	0.470163	0.468908	0.469193	0.473036	0.472313	0.471612	0.470136	0.468681	0.470931	0.471102	0.468292	0.470746	0.469995	0.470285	0.469702	0.47219	0.472345	0.470937	0.473338	0.473694	0.469231	0.472848	0.471718	0.466458	0.474107	0.468149	0.474063	0.469935	0.473544	0.470723	0.470603	0.475443	0.471821
0.471796	0.471735	0.471755	0.471765	0.471752	0.471733	0.471927	0.471529	0.471744	0.472925	0.471979	0.471691	0.471179	0.472571	0.470552	0.471069	0.470217	0.470933	0.470893	0.471706	0.470768	0.47342	0.471611	0.471499	0.471413	0.47227	0.471179	0.469639	0.470785	0.470583	0.470817	0.471865	0.472121	0.47246	0.472542	0.471044	0.471268	0.471373	0.470049	0.471189	0.47242	0.47238	0.473942	0.470619	0.472034	0.472154	0.474501	0.471676	0.475044	0.472904	0.474011	0.475105	0.472183	0.473266	0.471627	0.475317	0.47238	0.476789	0.470716	0.47811	0.480723	0.469662	0.474296	0.472801	0.472464	0.476423	0.471986	0.473904	0.475357	0.472888	0.473369	0.474946	0.474092	0.471072	0.472738	0.477865	0.473659	0.479844	0.474812	0.477056	0.477577
0.474168	0.474145	0.474152	0.474034	0.4742	0.474152	0.475151	0.473677	0.474112	0.475175	0.474764	0.474002	0.474095	0.47537	0.4738	0.473882	0.475067	0.473931	0.474807	0.473609	0.474322	0.474897	0.474291	0.473328	0.472517	0.473536	0.475342	0.473437	0.474341	0.475932	0.475887	0.474645	0.475035	0.474824	0.474633	0.473067	0.473996	0.474498	0.474907	0.473432	0.475603	0.477073	0.473761	0.475513	0.475483	0.476756	0.475006	0.473541	0.477241	0.474947	0.477478	0.475869	0.477003	0.476623	0.478173	0.478351	0.473153	0.477052	0.476522	0.476406	0.476231	0.47618	0.477306	0.474304	0.473875	0.478056	0.478867	0.475028	0.478261	0.475241	0.478402	0.481587	0.474828	0.479703	0.47667	0.477405	0.478894	0.478809	0.482358	0.478571	0.484448
0.476485	0.477581	0.476451	0.476477	0.476604	0.477675	0.476345	0.477639	0.477475	0.476892	0.476704	0.477758	0.47675	0.47687	0.477524	0.47678	0.475604	0.47748	0.476488	0.477091	0.478532	0.477358	0.475888	0.476726	0.477921	0.477166	0.475864	0.475602	0.480096	0.476282	0.475588	0.475063	0.476751	0.47644	0.477451	0.480352	0.477008	0.475476	0.478336	0.477582	0.477478	0.478155	0.478393	0.475001	0.480559	0.477637	0.479515	0.479042	0.480324	0.477184	0.477044	0.475451	0.47923	0.486914	0.477569	0.479137	0.478206	0.478572	0.481483	0.481921	0.477598	0.478845	0.485891	0.480282	0.47893	0.481339	0.479212	0.481267	0.477572	0.481433	0.480373	0.482179	0.484923	0.489089	0.484444	0.481748	0.480579	0.47981	0.479453	0.479899	0.481421
0.478771	0.48088	0.478766	0.479997	0.480985	0.480006	0.482081	0.482174	0.479909	0.478588	0.482085	0.481998	0.478923	0.479766	0.477427	0.481921	0.479524	0.476894	0.478443	0.479659	0.477775	0.480545	0.47983	0.480961	0.481121	0.478519	0.479874	0.477585	0.479673	0.48294	0.480984	0.479677	0.478046	0.479488	0.478588	0.480395	0.479976	0.477476	0.482764	0.481638	0.481128	0.483038	0.484485	0.479824	0.483649	0.480176	0.480949	0.483303	0.486213	0.485599	0.485493	0.484795	0.48179	0.484119	0.480582	0.485892	0.479623	0.478943	0.48428	0.481255	0.482861	0.485175	0.481576	0.48268	0.486914	0.48234	0.488356	0.48052	0.480132	0.486612	0.484966	0.484627	0.48338	0.485391	0.488462	0.484216	0.485816	0.484785	0.485824	0.480886	0.485399
0.481	0.484156	0.48309	0.485177	0.483178	0.48319	0.483252	0.485318	0.483059	0.481937	0.483178	0.483791	0.48311	0.483996	0.483289	0.481918	0.480883	0.484164	0.483295	0.483432	0.481322	0.485738	0.480242	0.485336	0.483259	0.484288	0.484948	0.482883	0.480907	0.483416	0.482119	0.482275	0.484133	0.484305	0.482643	0.482093	0.484225	0.482616	0.483782	0.483588	0.486813	0.482221	0.483277	0.482132	0.482421	0.485221	0.480817	0.482386	0.482856	0.483296	0.483383	0.483328	0.486442	0.482567	0.482007	0.492409	0.487125	0.486434	0.486384	0.486531	0.482937	0.483828	0.491493	0.487198	0.483544	0.485646	0.484461	0.48536	0.481103	0.485754	0.486925	0.489353	0.485878	0.487462	0.483971	0.484587	0.487554	0.486398	0.490993	0.486159	0.488012
0.483107	0.484156	0.483174	0.48525	0.486578	0.485235	0.485173	0.484384	0.487382	0.488143	0.487538	0.487529	0.484525	0.485769	0.484141	0.487215	0.485703	0.486951	0.485496	0.485439	0.483817	0.486671	0.487075	0.486878	0.489318	0.487347	0.48553	0.485575	0.487452	0.488651	0.487059	0.48777	0.490034	0.485656	0.491423	0.488872	0.490013	0.491606	0.489472	0.483188	0.486144	0.489257	0.489425	0.493348	0.488642	0.485496	0.488065	0.488958	0.487666	0.485572	0.489532	0.48616	0.490296	0.483857	0.487404	0.488927	0.487549	0.485746	0.484974	0.486765	0.487019	0.492054	0.484206	0.48618	0.489453	0.490219	0.485897	0.493051	0.496201	0.496543	0.494932	0.491385	0.49478	0.490681	0.491081	0.488423	0.492057	0.489273	0.487181	0.487935	0.489394
0.485204	0.488355	0.493763	0.489427	0.496555	0.491662	0.492536	0.490151	0.489234	0.488423	0.490681	0.490407	0.487297	0.491002	0.491226	0.487663	0.491495	0.491251	0.489316	0.487674	0.488427	0.491907	0.489089	0.495091	0.49006	0.491156	0.495633	0.490191	0.488076	0.491115	0.487174	0.4906	0.494263	0.485654	0.48995	0.48756	0.48898	0.490462	0.491139	0.494389	0.491313	0.490252	0.489723	0.496887	0.488597	0.487486	0.490123	0.495155	0.489103	0.492124	0.484809	0.492548	0.491905	0.487997	0.489632	0.488507	0.486556	0.49202	0.489283	0.484782	0.486746	0.488059	0.490836	0.490439	0.494144	0.499882	0.490835	0.49973	0.496511	0.489836	0.495646	0.492688	0.491257	0.493813	0.488868	0.500336	0.488843	0.497397	0.490419	0.497555	0.489526
0.497696	0.495583	0.49645	0.492323	0.491836	0.491389	0.49667	0.493366	0.490652	0.496774	0.490475	0.496708	0.498647	0.498533	0.488941	0.489246	0.492452	0.491714	0.490235	0.491537	0.491011	0.492047	0.492148	0.494037	0.496113	0.492445	0.489195	0.496183	0.491924	0.487149	0.488463	0.489083	0.491543	0.494677	0.492435	0.493753	0.492466	0.496315	0.492966	0.495295	0.49393	0.492686	0.500385	0.491987	0.48878	0.490128	0.495811	0.496938	0.497536	0.49108	0.494815	0.494687	0.491573	0.491406	0.490391	0.496661	0.497843	0.499688	0.493152	0.49894	0.491859	0.493975	0.495325	0.491104	0.497453	0.492909	0.501964	0.490005	0.4966	0.496679	0.498488	0.496123	0.501343	0.501049	0.499903	0.502829	0.493551	0.50148	0.491852	0.492252	0.490925
0.499601	0.496588	0.49373	0.499435	0.496663	0.493301	0.494322	0.498053	0.501415	0.501609	0.49661	0.495624	0.496278	0.497218	0.497344	0.496318	0.491927	0.490055	0.491564	0.500867	0.493165	0.500198	0.494569	0.495573	0.499063	0.497261	0.493573	0.497047	0.494296	0.495964	0.496253	0.495614	0.498149	0.492759	0.499887	0.499325	0.491936	0.493292	0.495794	0.499127	0.498904	0.496104	0.497736	0.494033	0.496248	0.496298	0.494883	0.491654	0.49404	0.494892	0.497452	0.502364	0.497079	0.501602	0.494738	0.495467	0.499448	0.497179	0.495696	0.500105	0.499618	0.505164	0.499883	0.498301	0.505826	0.492836	0.491058	0.493149	0.500769	0.501122	0.495704	0.508677	0.49989	0.498241	0.496216	0.503856	0.507212	0.493934	0.505397	0.494866	0.49552
0.490983	0.502415	0.500624	0.50378	0.495442	0.503492	0.500437	0.502365	0.492736	0.495173	0.502115	0.496175	0.501384	0.491978	0.500429	0.503575	0.503183	0.498028	0.503186	0.495184	0.500289	0.503908	0.499906	0.498546	0.497037	0.499419	0.497571	0.496517	0.499538	0.49888	0.499079	0.498211	0.499157	0.503291	0.498409	0.501288	0.494913	0.498702	0.496915	0.499689	0.492857	0.499764	0.498218	0.494047	0.500773	0.49701	0.500511	0.493678	0.499547	0.503117	0.503152	0.496902	0.501611	0.499985	0.49929	0.506705	0.500481	0.500586	0.497036	0.499391	0.498092	0.497341	0.500688	0.504034	0.502998	0.498943	0.499176	0.504102	0.50302	0.500495	0.498266	0.495735	0.499327	0.497818	0.497912	0.497443	0.499162	0.505172	0.508718	0.502708	0.491209
0.49282	0.497224	0.50436	0.501105	0.508473	0.50126	0.496058	0.49693	0.50439	0.508457	0.499254	0.497787	0.499038	0.498896	0.498879	0.499931	0.5083	0.504664	0.502218	0.504109	0.501081	0.499655	0.504425	0.502585	0.500612	0.512687	0.503477	0.500604	0.505562	0.501468	0.49957	0.502378	0.500012	0.499689	0.494262	0.500739	0.503298	0.49909	0.504377	0.503173	0.501823	0.501886	0.504918	0.500703	0.504002	0.501547	0.499094	0.501665	0.501012	0.501171	0.50328	0.496697	0.503001	0.503586	0.500492	0.498181	0.506331	0.505322	0.4983	0.502174	0.508143	0.50229	0.50447	0.509388	0.50172	0.504629	0.502278	0.502	0.505459	0.505226	0.504317	0.5034	0.507343	0.50463	0.505348	0.506836	0.504399	0.507449	0.503351	0.502662	0.500347
0.517085	0.504921	0.509119	0.504974	0.502927	0.502928	0.499	0.501903	0.505686	0.501911	0.504842	0.501754	0.502039	0.504962	0.502905	0.507568	0.504278	0.499802	0.500572	0.500698	0.507108	0.49593	0.508151	0.501617	0.507736	0.507422	0.503693	0.505473	0.504116	0.509355	0.503072	0.504693	0.505007	0.496807	0.502722	0.508396	0.504177	0.501839	0.506454	0.502822	0.501337	0.507799	0.502447	0.505182	0.506833	0.506936	0.506911	0.50664	0.505216	0.507896	0.504951	0.502832	0.510392	0.502143	0.508941	0.502197	0.502902	0.50268	0.509991	0.513654	0.50319	0.499395	0.505681	0.50829	0.507746	0.510884	0.501966	0.5088	0.50776	0.49919	0.505271	0.506412	0.510559	0.506983	0.509126	0.503415	0.508864	0.506555	0.511154	0.503267	0.513565
0.506644	0.504833	0.508998	0.508684	0.506198	0.511079	0.512111	0.502503	0.508725	0.505377	0.504997	0.506342	0.511225	0.509604	0.511344	0.504946	0.507314	0.508821	0.506463	0.510161	0.505101	0.505238	0.51101	0.506305	0.51888	0.512989	0.50497	0.50776	0.502707	0.506105	0.5063	0.516021	0.50416	0.509087	0.511956	0.505492	0.503831	0.505798	0.50585	0.512603	0.509139	0.504008	0.500727	0.506976	0.510775	0.50576	0.512398	0.511324	0.504622	0.508719	0.503702	0.508672	0.509455	0.508166	0.513875	0.514547	0.516418	0.50791	0.514889	0.508615	0.50696	0.504775	0.51094	0.507686	0.508984	0.507674	0.502872	0.507599	0.504663	0.502445	0.506893	0.51333	0.505856	0.51417	0.510916	0.514546	0.507692	0.511582	0.520309	0.512012	0.512283
0.49797	0.513191	0.513563	0.512526	0.507201	0.514983	0.509497	0.50989	0.510278	0.505602	0.508333	0.50489	0.505487	0.515518	0.509436	0.510818	0.508553	0.510952	0.510751	0.50974	0.506349	0.513935	0.508826	0.50856	0.50987	0.50308	0.509384	0.511545	0.509286	0.509801	0.50603	0.509366	0.516204	0.508128	0.507797	0.514238	0.512968	0.505924	0.510242	0.507268	0.5148	0.509197	0.511228	0.517168	0.512523	0.510618	0.508199	0.505126	0.517366	0.502469	0.510665	0.504476	0.513387	0.506703	0.513729	0.514124	0.506229	0.505265	0.514224	0.513766	0.514259	0.514177	0.51897	0.509197	0.513158	0.512186	0.509865	0.514624	0.511609	0.51551	0.51558	0.518139	0.515993	0.519773	0.514373	0.508026	0.514513	0.514279	0.516637	0.5107	0.520388
0.499638	0.51785	0.505924	0.505803	0.51001	0.512829	0.512013	0.518674	0.514676	0.511325	0.50878	0.511686	0.515281	0.504745	0.516817	0.507433	0.508741	0.511237	0.511504	0.517471	0.51054	0.519497	0.514102	0.520712	0.510851	0.513376	0.514268	0.510459	0.50842	0.511856	0.514429	0.513494	0.512728	0.514028	0.511584	0.511358	0.510665	0.508983	0.511285	0.517785	0.514732	0.509962	0.507954	0.510955	0.503333	0.511423	0.51303	0.516016	0.508732	0.507325	0.514741	0.514354	0.514353	0.51933	0.517943	0.514023	0.520475	0.512236	0.512022	0.510626	0.509182	0.514611	0.519786	0.511249	0.51615	0.511509	0.516169	0.519093	0.52162	0.523826	0.515733	0.519817	0.516659	0.520959	0.514566	0.521579	0.523024	0.517758	0.519495	0.509863	0.522029
0.501053	0.51245	0.516507	0.51037	0.508293	0.516441	0.515584	0.513621	0.514319	0.506384	0.509571	0.510697	0.520569	0.525402	0.513521	0.511709	0.511281	0.519744	0.517087	0.51685	0.522636	0.520155	0.517977	0.51539	0.510799	0.507545	0.512566	0.516848	0.510442	0.518578	0.516903	0.51626	0.515683	0.525905	0.512278	0.518939	0.515159	0.515007	0.518818	0.514602	0.518103	0.51935	0.515402	0.515307	0.516522	0.512779	0.51319	0.517992	0.521118	0.513412	0.51795	0.512884	0.512852	0.515818	0.511233	0.515743	0.518106	0.516813	0.52121	0.519454	0.515106	0.514877	0.513529	0.509081	0.519137	0.519883	0.522659	0.510915	0.51024	0.522221	0.526628	0.514117	0.515678	0.514734	0.524676	0.517078	0.515891	0.516232	0.531021	0.517543	0.523579
0.512804	0.511922	0.511985	0.515917	0.51377	0.523339	0.520656	0.518987	0.517018	0.519125	0.520489	0.517101	0.525068	0.514693	0.523538	0.522344	0.513544	0.52199	0.520149	0.514559	0.512634	0.518894	0.515246	0.518346	0.511748	0.515968	0.524105	0.519549	0.517887	0.514309	0.519517	0.523585	0.519989	0.514296	0.516513	0.519479	0.518182	0.515304	0.514207	0.511835	0.525486	0.52371	0.514501	0.518656	0.518667	0.525023	0.523454	0.524191	0.515979	0.517412	0.518504	0.521737	0.519454	0.511976	0.522362	0.524008	0.516704	0.527086	0.527427	0.513953	0.52207	0.516148	0.519635	0.521992	0.512428	0.521413	0.521172	0.524543	0.520803	0.527727	0.524109	0.519311	0.527613	0.519399	0.517653	0.525535	0.518693	0.520844	0.535366	0.530564	0.522316
0.514246	0.525182	0.517667	0.528202	0.516248	0.516492	0.516335	0.523625	0.518654	0.518727	0.525345	0.525407	0.518344	0.523597	0.521447	0.519293	0.520294	0.524495	0.538298	0.524284	0.518267	0.522766	0.521302	0.524551	0.526214	0.522046	0.515222	0.520468	0.517757	0.521716	0.520064	0.521847	0.515832	0.52178	0.523423	0.524618	0.519642	0.517203	0.519241	0.528004	0.520802	0.523306	0.525471	0.523163	0.528102	0.525727	0.524727	0.523875	0.521891	0.520872	0.517471	0.52932	0.532457	0.522417	0.518006	0.523033	0.52017	0.521194	0.527228	0.517869	0.514879	0.522012	0.516339	0.525555	0.522625	0.517121	0.519021	0.525856	0.528419	0.534696	0.51874	0.51978	0.526977	0.529709	0.52688	0.525495	0.521483	0.519846	0.526877	0.52449	0.525835
0.515539	0.534418	0.528605	0.516568	0.524736	0.5208	0.523028	0.52347	0.52422	0.525533	0.525695	0.522325	0.525262	0.534598	0.529607	0.517764	0.522498	0.524951	0.524358	0.52188	0.526979	0.529228	0.525663	0.527112	0.518483	0.526084	0.523417	0.520983	0.521333	0.514902	0.525085	0.522325	0.515906	0.517758	0.526134	0.517031	0.527995	0.525161	0.534288	0.531921	0.528205	0.523132	0.526996	0.539943	0.532787	0.526064	0.53048	0.524831	0.52672	0.523697	0.523573	0.522095	0.519779	0.533219	0.525638	0.520457	0.52924	0.525512	0.522342	0.522095	0.530001	0.522843	0.5206	0.530478	0.527135	0.527854	0.526488	0.526076	0.525825	0.529471	0.523818	0.539133	0.531692	0.523029	0.525525	0.524803	0.532827	0.526873	0.527253	0.534245	0.528423
0.526989	0.530858	0.526013	0.532705	0.525772	0.5226	0.524747	0.531026	0.521732	0.525091	0.530193	0.524187	0.523515	0.527754	0.524599	0.52455	0.528235	0.531628	0.529384	0.532581	0.529558	0.532956	0.521889	0.527497	0.526609	0.525592	0.523931	0.524383	0.528814	0.522758	0.527715	0.52328	0.528405	0.521616	0.533669	0.53336	0.52284	0.520392	0.526199	0.532239	0.525597	0.53124	0.521404	0.520504	0.528032	0.529511	0.518259	0.523111	0.532089	0.521399	0.526733	0.522713	0.530738	0.519294	0.523755	0.533773	0.530582	0.526495	0.530544	0.516938	0.535301	0.527555	0.524123	0.529876	0.52877	0.528744	0.530331	0.531418	0.531282	0.526928	0.524378	0.530351	0.541881	0.533849	0.535388	0.535383	0.526989	0.527189	0.526646	0.539892	0.535388
0.538051	0.528304	0.531189	0.537212	0.53516	0.529353	0.523638	0.532264	0.522584	0.537284	0.530065	0.530927	0.532518	0.522246	0.52579	0.524951	0.530369	0.530007	0.5345	0.525185	0.532516	0.5289	0.533133	0.539338	0.537251	0.533394	0.527379	0.528143	0.525487	0.540463	0.536967	0.532041	0.530072	0.522353	0.531629	0.52684	0.534578	0.523769	0.532954	0.530967	0.533784	0.525551	0.523366	0.527756	0.52248	0.527283	0.52294	0.530954	0.542338	0.52665	0.527696	0.52574	0.526302	0.526569	0.538048	0.526908	0.530929	0.528744	0.534003	0.523016	0.525959	0.543847	0.531492	0.536174	0.535349	0.534965	0.528068	0.536071	0.536276	0.547849	0.542331	0.539762	0.530062	0.526007	0.539903	0.539184	0.538721	0.532067	0.547689	0.533601	0.536076
0.539136	0.540314	0.536607	0.543979	0.537316	0.53009	0.534417	0.541224	0.532324	0.525592	0.540522	0.53817	0.535222	0.536294	0.531636	0.526123	0.536357	0.52765	0.527967	0.528298	0.531502	0.538913	0.526867	0.52847	0.54208	0.531566	0.539879	0.535368	0.532073	0.532628	0.526224	0.525039	0.536753	0.534212	0.527569	0.541409	0.529681	0.539578	0.533922	0.52125	0.539459	0.541902	0.533943	0.530257	0.525019	0.546204	0.524663	0.537812	0.535706	0.528758	0.539174	0.544653	0.545295	0.539006	0.528225	0.542048	0.525506	0.530789	0.532567	0.535759	0.532544	0.532185	0.539898	0.537487	0.540595	0.542357	0.545102	0.533964	0.538742	0.536211	0.530906	0.540697	0.536707	0.535192	0.536069	0.540356	0.539747	0.535705	0.537514	0.538146	0.537962
0.559451	0.541453	0.536722	0.540268	0.534294	0.536589	0.538019	0.532527	0.539837	0.532495	0.532597	0.528806	0.532229	0.53725	0.534625	0.543365	0.536295	0.527154	0.540978	0.541742	0.537527	0.532398	0.537305	0.530948	0.540791	0.53753	0.534539	0.528969	0.539358	0.536936	0.536405	0.531458	0.536914	0.536971	0.534076	0.534503	0.53122	0.537749	0.537596	0.539632	0.544641	0.535262	0.53407	0.537601	0.546946	0.539021	0.53597	0.545991	0.535051	0.541397	0.532871	0.537475	0.533688	0.539365	0.5465	0.529738	0.534813	0.536323	0.540188	0.533494	0.535469	0.543723	0.542766	0.528039	0.532482	0.538711	0.543621	0.533034	0.534036	0.536416	0.541205	0.542129	0.5489	0.552664	0.551971	0.537747	0.535727	0.540973	0.549549	0.539524	0.539917
0.523637	0.532732	0.535519	0.533308	0.533906	0.543952	0.546466	0.532789	0.542835	0.542893	0.546198	0.533782	0.539466	0.541134	0.537788	0.543244	0.545659	0.538029	0.539698	0.54211	0.534195	0.536167	0.541626	0.535446	0.534406	0.539295	0.538959	0.532013	0.545825	0.535936	0.539587	0.541085	0.543062	0.552061	0.539612	0.539571	0.536128	0.532685	0.537878	0.53721	0.545361	0.537857	0.537772	0.540711	0.543131	0.54226	0.542272	0.538941	0.544059	0.536084	0.535906	0.549641	0.544952	0.546014	0.544177	0.52978	0.542554	0.547671	0.540304	0.546319	0.538724	0.547508	0.542754	0.546971	0.545081	0.542354	0.5472	0.550065	0.548174	0.546854	0.539739	0.549192	0.551636	0.54375	0.543694	0.554437	0.546228	0.54543	0.541119	0.549182	0.541939
