NaN	NaN	NaN	NaN	NaN	NaN	NaN	NaN	NaN	NaN	NaN	NaN	NaN	NaN	NaN	NaN	NaN	NaN	NaN	NaN	NaN	NaN	NaN	NaN	NaN	NaN	NaN	NaN	NaN	NaN	NaN	NaN	NaN	NaN	NaN	NaN	NaN	NaN	NaN	NaN	NaN	NaN	NaN	NaN	NaN	NaN	NaN	NaN	NaN	NaN	NaN	NaN	NaN	NaN	NaN	NaN	NaN	NaN	NaN	NaN	NaN	NaN	NaN	NaN	NaN	NaN	NaN	NaN	NaN	NaN	NaN	NaN	NaN	NaN	NaN	NaN	NaN	NaN	NaN	NaN	NaN
NaN	NaN	NaN	NaN	NaN	NaN	NaN	NaN	NaN	NaN	NaN	NaN	NaN	NaN	NaN	NaN	NaN	NaN	NaN	NaN	NaN	NaN	NaN	NaN	NaN	NaN	NaN	NaN	NaN	NaN	NaN	NaN	NaN	NaN	NaN	NaN	NaN	NaN	NaN	NaN	NaN	NaN	NaN	NaN	NaN	NaN	NaN	NaN	NaN	NaN	NaN	NaN	NaN	NaN	NaN	NaN	NaN	NaN	NaN	NaN	NaN	NaN	NaN	NaN	NaN	NaN	NaN	NaN	NaN	NaN	NaN	NaN	NaN	NaN	NaN	NaN	NaN	NaN	NaN	NaN	NaN
NaN	NaN	NaN	NaN	NaN	NaN	NaN	NaN	NaN	NaN	NaN	NaN	NaN	NaN	NaN	NaN	NaN	NaN	NaN	NaN	NaN	NaN	NaN	NaN	NaN	NaN	NaN	NaN	NaN	NaN	NaN	NaN	NaN	NaN	NaN	NaN	NaN	NaN	NaN	NaN	NaN	NaN	NaN	NaN	NaN	NaN	NaN	NaN	NaN	NaN	NaN	NaN	NaN	NaN	NaN	NaN	NaN	NaN	NaN	NaN	NaN	NaN	NaN	NaN	NaN	NaN	NaN	NaN	NaN	NaN	NaN	NaN	NaN	NaN	NaN	NaN	NaN	NaN	NaN	NaN	NaN
NaN	NaN	NaN	NaN	NaN	NaN	NaN	NaN	NaN	NaN	NaN	NaN	NaN	NaN	NaN	NaN	NaN	NaN	NaN	NaN	NaN	NaN	NaN	NaN	NaN	NaN	NaN	NaN	NaN	NaN	NaN	NaN	NaN	NaN	NaN	NaN	NaN	NaN	NaN	NaN	NaN	NaN	NaN	NaN	NaN	NaN	NaN	NaN	NaN	NaN	NaN	NaN	NaN	NaN	NaN	NaN	NaN	NaN	NaN	NaN	NaN	NaN	NaN	NaN	NaN	NaN	NaN	NaN	NaN	NaN	NaN	NaN	NaN	NaN	NaN	NaN	NaN	NaN	NaN	NaN	NaN
NaN	NaN	0.00488757	NaN	NaN	NaN	NaN	NaN	NaN	NaN	NaN	NaN	NaN	NaN	NaN	NaN	NaN	NaN	NaN	NaN	NaN	NaN	NaN	NaN	NaN	0.502597	NaN	0.625066	0.627484	0.532137	0.4945	0.364313	0.316496	0.241325	0.160872	0.176744	0.11753	0.102277	0.0913861	0.0655262	0.0851948	0.0447132	0.0642722	0.0638704	0.0440751	0.0570236	0.0904917	0.0367829	0.0879502	0.111746	0.16999	0.180635	0.29973	0.315442	0.468181	0.557565	0.488292	0.569537	0.614257	0.617516	0.691535	0.746294	0.747185	0.777268	0.797946	0.81106	0.799387	0.793912	0.793155	0.825116	0.816162	0.818999	0.823849	0.825885	0.835675	0.834543	0.842223	0.84504	0.851787	0.839007	0.861935
NaN	NaN	0.00222403	0.00722507	0.00288027	NaN	NaN	NaN	0.00836217	2.04224	NaN	1.37709	0.935235	0.85089	0.716026	0.585646	0.509694	0.370333	0.330781	0.243638	0.224327	0.15859	0.107671	0.0776331	0.0832345	0.0764627	0.0578642	0.0588914	0.0426821	0.0566651	0.035688	0.0697358	0.0632863	0.101982	0.204627	0.293862	0.339112	0.471707	0.551277	0.595328	0.625652	0.650781	0.66438	0.686011	0.685769	0.702212	0.711082	0.711928	0.719778	0.727238	0.735783	0.742599	0.750638	0.75252	0.760624	0.76673	0.769814	0.776223	0.785647	0.80727	0.822974	0.838313	0.880075	0.886051	0.907303	0.948571	0.965902	0.982854	0.996357	1.01421	1.02766	1.03957	1.04164	1.0385	1.06772	1.07324	1.08214	1.08782	1.08181	1.0969	1.11182
NaN	NaN	0.00226767	0.00312007	0.00259153	0.224762	0.0939967	0.547507	0.00493628	0.196441	0.663122	0.463889	0.332036	0.300444	0.188677	0.153998	0.10077	0.083606	0.0758816	0.0600023	0.0467029	0.0576511	0.0430776	0.0411116	0.038211	0.0418087	0.0363744	0.112202	0.210304	0.347281	0.42377	0.499191	0.538742	0.571489	0.591272	0.604448	0.624006	0.639339	0.651213	0.65309	0.671661	0.680432	0.680903	0.698563	0.702936	0.713367	0.711712	0.72903	0.731944	0.749104	0.76247	0.798985	0.810503	0.847148	0.868996	0.893055	0.906947	0.923418	0.942101	0.94505	0.952655	0.976118	0.983289	0.988042	0.999887	1.01258	1.02245	1.02386	1.03158	1.038	1.05744	1.06029	1.06833	1.0774	1.08099	1.10295	1.11694	1.13082	1.13057	1.12973	1.16244
NaN	NaN	0.0021014	0.00244841	0.00241462	0.00748356	0.214336	0.219119	0.00417171	0.115533	0.156902	0.135469	0.0904845	0.0582266	0.0521241	0.0721932	0.0437921	0.0441104	0.0430736	0.0394113	0.044393	0.0474433	0.057215	0.0375694	0.046837	0.242058	0.373301	0.445116	0.50592	0.535123	0.554907	0.570357	0.58486	0.601937	0.615111	0.623377	0.634662	0.65079	0.662026	0.666092	0.681551	0.689122	0.693715	0.707235	0.718069	0.744523	0.764969	0.800572	0.815369	0.845536	0.861642	0.873266	0.887682	0.896395	0.912059	0.923219	0.932847	0.950778	0.960305	0.968767	0.976897	0.991592	0.998674	1.00237	1.00705	1.03034	1.04154	1.04743	1.04649	1.06765	1.08863	1.10132	1.1107	1.11204	1.131	1.14355	1.15839	1.16305	1.16914	1.16561	1.18053
NaN	0.0202283	0.00177174	0.0023955	0.00244376	0.00454467	0.215111	0.00707223	0.00393059	0.104276	0.0269617	0.0713659	0.0499744	0.0456386	0.046252	0.0414726	0.0437772	0.0407654	0.0380654	0.0347279	0.0361275	0.0345423	0.0956891	0.229003	0.372047	0.467209	0.494679	0.514427	0.528341	0.549412	0.568076	0.586602	0.600254	0.613779	0.626198	0.638693	0.644952	0.659697	0.670126	0.671331	0.693575	0.707949	0.733068	0.769077	0.784049	0.80696	0.814274	0.834241	0.845632	0.865588	0.880227	0.890355	0.904614	0.913118	0.930527	0.941555	0.944544	0.956469	0.971717	0.97998	0.985623	1.00035	1.00995	1.01784	1.03082	1.04909	1.05927	1.07057	1.07391	1.09505	1.10858	1.12134	1.12276	1.12628	1.15252	1.161	1.17073	1.17839	1.18633	1.19365	1.21214
NaN	0.00370851	0.00149468	0.00219301	0.00230035	0.0044408	0.216316	0.0135861	0.00382402	0.0819688	0.0468221	0.0401386	0.0348956	0.0390926	0.0376095	0.0366763	0.0358394	0.0352472	0.0343729	0.0334285	0.0475319	0.145431	0.338107	0.440708	0.466765	0.482487	0.501087	0.523907	0.541627	0.563114	0.579234	0.59567	0.609744	0.621577	0.634617	0.644984	0.652559	0.66791	0.679052	0.699105	0.731707	0.756816	0.767328	0.785416	0.796488	0.817626	0.828184	0.850177	0.860658	0.878759	0.89047	0.894043	0.915377	0.923074	0.937002	0.953461	0.957563	0.969953	0.981642	0.986845	0.997447	1.01125	1.02654	1.03255	1.04469	1.06295	1.07623	1.0848	1.08989	1.11258	1.12133	1.13026	1.13966	1.1378	1.15605	1.1737	1.18593	1.19101	1.18232	1.1805	1.19618
NaN	0.00296323	0.00148842	0.00220124	0.00230767	0.00397498	0.171928	0.00167324	0.0035569	0.0110966	0.0962442	0.0296327	0.0292694	0.0305931	0.0324056	0.0330617	0.0341826	0.0280849	0.0314406	0.0389438	0.165903	0.383197	0.440536	0.454312	0.466928	0.491992	0.514929	0.536266	0.554107	0.574796	0.589727	0.603814	0.617323	0.630601	0.641381	0.646066	0.661125	0.684665	0.716206	0.733839	0.747803	0.761609	0.777347	0.797111	0.809716	0.830951	0.840522	0.86235	0.872055	0.889542	0.899912	0.906599	0.925496	0.936325	0.941633	0.953919	0.960788	0.968562	0.978915	0.993953	1.00386	1.02084	1.03655	1.04919	1.05792	1.07076	1.08813	1.10085	1.09763	1.12505	1.13541	1.14276	1.15164	1.1476	1.1581	1.16967	1.17222	1.18197	1.18527	1.19368	1.20503
NaN	0.00217089	0.00144224	0.0119047	0.00223118	0.00386659	0.184959	0.00181336	0.00365198	0.00736495	0.0318956	0.0527425	0.0367949	0.0301749	0.0274765	0.0296125	0.0307154	0.0309809	0.0409515	0.169418	0.374081	0.427921	0.435255	0.451292	0.475897	0.503893	0.525713	0.54615	0.559811	0.583942	0.59573	0.61105	0.62451	0.636369	0.649001	0.659865	0.695308	0.719958	0.732199	0.73664	0.754241	0.772595	0.791115	0.813187	0.822789	0.845453	0.852501	0.872765	0.883056	0.898319	0.910642	0.915807	0.931709	0.938119	0.941906	0.955904	0.957065	0.977813	0.992685	1.00684	1.01772	1.03635	1.0511	1.06083	1.06778	1.08982	1.10232	1.1098	1.1102	1.13427	1.13891	1.13245	1.13667	1.14119	1.15739	1.17338	1.18319	1.18994	1.19763	1.20031	1.22541
NaN	0.00181818	0.00142565	0.0126337	0.00225743	0.00363505	0.192142	0.00183333	0.00359038	0.00693983	0.00956632	0.0277845	0.0506797	0.0403749	0.0299007	0.0292486	0.0297636	0.028229	0.155461	0.360212	0.419441	0.407441	0.433254	0.463596	0.487744	0.516595	0.53491	0.554502	0.568787	0.589487	0.602374	0.61639	0.630074	0.642831	0.659119	0.688984	0.707138	0.714105	0.725919	0.743187	0.766881	0.785166	0.800403	0.822924	0.832874	0.853927	0.862596	0.882046	0.892152	0.909622	0.918861	0.918812	0.930159	0.934018	0.942936	0.957659	0.971564	0.991909	1.00878	1.02077	1.02814	1.05167	1.06257	1.07245	1.08003	1.09851	1.10988	1.11133	1.10391	1.1122	1.12051	1.12884	1.13715	1.14356	1.16056	1.18277	1.19401	1.20639	1.21037	1.214	1.2357
NaN	0.00194124	0.00139561	0.0916879	0.00229198	0.0231893	0.198096	0.00183395	0.00353846	0.00616623	0.00806587	0.0110044	0.0279614	0.048461	0.0390209	0.0312272	0.0287744	0.057968	0.304963	0.405703	0.396744	0.411195	0.44544	0.475505	0.496965	0.522875	0.543524	0.56255	0.575224	0.594694	0.610319	0.622505	0.635777	0.658471	0.682265	0.695923	0.694714	0.713431	0.73696	0.757313	0.777167	0.798044	0.811582	0.833855	0.843325	0.864346	0.869096	0.890197	0.899786	0.912451	0.911731	0.918583	0.926044	0.934334	0.947341	0.97008	0.984271	1.00212	1.01677	1.03401	1.03921	1.06305	1.07245	1.08235	1.08367	1.09409	1.09507	1.09705	1.09879	1.11371	1.12961	1.13952	1.15043	1.1599	1.17338	1.19207	1.20815	1.21502	1.21768	1.22051	1.22245
NaN	0.00227169	0.00134035	0.0694102	0.00222292	0.141938	0.20272	0.00196641	0.00352688	0.00574746	0.00744968	0.00927339	0.013479	0.0276491	0.0420513	0.0375393	0.0381446	0.208401	0.388993	0.387393	0.392376	0.425358	0.457289	0.484995	0.505859	0.530995	0.551966	0.569454	0.581419	0.601302	0.61464	0.628414	0.651769	0.680697	0.687436	0.686196	0.699924	0.725204	0.746024	0.765971	0.79006	0.808209	0.821345	0.840576	0.849919	0.871023	0.878454	0.896299	0.898912	0.900879	0.905401	0.907263	0.925559	0.945122	0.963184	0.98598	0.996817	1.01056	1.03057	1.04347	1.04556	1.06921	1.08022	1.0783	1.08215	1.07339	1.08712	1.09852	1.10285	1.12086	1.13944	1.15368	1.16523	1.17408	1.19128	1.20323	1.21174	1.22188	1.22052	1.22222	1.23486
NaN	0.00282576	0.0013532	0.0785289	0.00221558	0.140621	0.206378	0.00197272	0.0124367	0.00571205	0.00715143	0.00853625	0.0107415	0.0132203	0.030352	0.0400447	0.311409	0.334217	0.393438	0.371908	0.40184	0.436204	0.467945	0.493637	0.514614	0.538838	0.557629	0.575448	0.587603	0.602886	0.619782	0.636702	0.667773	0.678909	0.676335	0.683855	0.709617	0.736974	0.758314	0.776175	0.798245	0.817316	0.830126	0.849783	0.858356	0.877501	0.880076	0.892835	0.886277	0.895365	0.90371	0.918328	0.941177	0.954838	0.977888	0.993404	1.00858	1.0198	1.0403	1.04888	1.05366	1.07123	1.07421	1.0721	1.07142	1.07594	1.09004	1.10703	1.11359	1.12844	1.15093	1.16444	1.17494	1.18401	1.19558	1.20823	1.21037	1.21602	1.21037	1.21352	1.23297
NaN	0.00406788	0.0013747	0.0844378	0.00223702	0.100548	0.18868	0.00201711	0.0035457	0.00539597	0.00702609	0.00787456	0.00981551	0.0103676	0.0143272	0.0414534	0.334507	0.380875	0.36669	0.373831	0.412663	0.444144	0.476277	0.501151	0.52198	0.545889	0.563296	0.58288	0.592696	0.6111	0.626277	0.656504	0.668031	0.654919	0.675017	0.697253	0.722671	0.747249	0.769825	0.782782	0.807436	0.825002	0.839021	0.858069	0.864863	0.881509	0.880671	0.881419	0.882499	0.896134	0.914741	0.927239	0.953978	0.968063	0.982671	1.00413	1.0173	1.0315	1.04706	1.05602	1.05618	1.06083	1.05988	1.05094	1.06028	1.08518	1.10101	1.11679	1.12885	1.14585	1.16487	1.17657	1.18649	1.19068	1.19117	1.20655	1.21027	1.21439	1.21692	1.22653	1.24503
NaN	0.0114626	0.00134087	0.0894454	0.00213175	0.0946576	0.170614	0.00204493	0.00347035	0.00540647	0.00674959	0.0079228	0.00849017	0.0103205	0.0114307	0.363349	0.2682	0.377871	0.350725	0.38492	0.423536	0.452903	0.483761	0.50855	0.527024	0.550764	0.568553	0.586034	0.596442	0.614429	0.638689	0.663482	0.652257	0.65836	0.683216	0.706866	0.732631	0.759486	0.777651	0.792563	0.815502	0.832759	0.845075	0.864642	0.866892	0.881972	0.862729	0.869429	0.882134	0.905606	0.925705	0.938327	0.964899	0.978211	0.99637	1.01605	1.0247	1.0415	1.05515	1.05426	1.04218	1.04518	1.05295	1.06361	1.07437	1.09783	1.11283	1.12921	1.13564	1.16256	1.17212	1.18644	1.1882	1.18587	1.19667	1.19126	1.20237	1.21415	1.22491	1.2313	1.26589
NaN	0.067879	0.00136993	0.093639	0.0021995	0.103263	0.180658	0.00209426	0.00344838	0.0051219	0.00648299	0.00768612	0.00820604	0.009831	0.0113012	0.222357	0.269783	0.339651	0.363413	0.396939	0.432774	0.462104	0.491251	0.514923	0.53369	0.556566	0.574431	0.591131	0.601741	0.625411	0.653182	0.651656	0.640992	0.667028	0.695273	0.719615	0.74311	0.766825	0.786494	0.798566	0.823476	0.840775	0.852481	0.864687	0.865149	0.865534	0.851355	0.873524	0.894427	0.916656	0.938214	0.949595	0.972047	0.989988	1.00221	1.02127	1.03379	1.04158	1.04842	1.03559	1.02727	1.04235	1.05988	1.07518	1.08617	1.10982	1.12705	1.1398	1.14732	1.16821	1.18347	1.18457	1.18351	1.17872	1.18625	1.198	1.2113	1.22515	1.23366	1.24279	1.26446
NaN	0.0513525	0.00137212	0.0971762	0.00224852	0.109488	0.18785	0.00212573	0.0034551	0.00524393	0.00643143	0.00738646	0.0083986	0.00907555	0.0452424	0.201972	0.282935	0.332717	0.374307	0.409068	0.442856	0.471238	0.497984	0.520762	0.539834	0.56123	0.578634	0.595524	0.606105	0.636038	0.647574	0.636263	0.649912	0.676575	0.706209	0.726804	0.750263	0.775629	0.793706	0.807307	0.83163	0.847917	0.856874	0.863906	0.855971	0.852081	0.861694	0.88393	0.904541	0.924941	0.947458	0.960574	0.984403	0.997701	1.01423	1.03074	1.03671	1.03607	1.03609	1.02305	1.02892	1.04992	1.07121	1.08605	1.10085	1.12261	1.13314	1.15083	1.15441	1.17004	1.17872	1.18239	1.17418	1.17028	1.19286	1.20765	1.22162	1.23517	1.24732	1.25835	1.27594
NaN	0.0441164	0.00143622	0.100312	0.00217478	0.115247	0.193664	0.00217183	0.00325122	0.00508082	0.00632936	0.00752339	0.00785262	0.00890545	0.271043	0.217737	0.293491	0.342868	0.384142	0.41909	0.450429	0.477234	0.504057	0.526695	0.544177	0.566383	0.583917	0.599447	0.610215	0.645106	0.630722	0.630045	0.659427	0.688101	0.71597	0.73765	0.758674	0.784024	0.802313	0.815866	0.837122	0.851331	0.855728	0.86157	0.843759	0.849633	0.865473	0.89513	0.914289	0.938358	0.95613	0.966504	0.995363	1.00593	1.01796	1.03347	1.03226	1.02767	1.01943	1.02483	1.03492	1.05978	1.07997	1.09434	1.1048	1.1311	1.14588	1.15961	1.15892	1.16533	1.17193	1.17048	1.17651	1.17225	1.19194	1.21888	1.22948	1.2523	1.25946	1.26558	1.29132
NaN	0.0491157	0.00137727	0.103206	0.00213331	0.119628	0.19299	0.00221989	0.00317958	0.00482021	0.00625408	0.00678719	0.00783435	0.0205393	0.339218	0.231123	0.303391	0.352225	0.39364	0.42693	0.458837	0.484282	0.510696	0.532182	0.549155	0.571193	0.588169	0.604084	0.624877	0.635122	0.617825	0.63816	0.668495	0.697385	0.723776	0.741525	0.766778	0.789383	0.809259	0.820717	0.843122	0.854311	0.850084	0.839843	0.840018	0.855417	0.878903	0.907059	0.924286	0.946425	0.96586	0.977926	1.00052	1.0136	1.01855	1.02929	1.02344	1.01605	1.01615	1.0345	1.04723	1.0761	1.08799	1.10676	1.11558	1.14208	1.15347	1.16434	1.15964	1.16007	1.16641	1.16633	1.17784	1.19242	1.20732	1.22813	1.24648	1.26443	1.27083	1.27145	1.28717
NaN	0.0633662	0.00138091	0.105775	0.00214467	0.123859	0.173444	0.00213513	0.00331753	0.00484284	0.00636127	0.00706527	0.00797167	0.00856206	0.346937	0.243189	0.313258	0.360507	0.400202	0.433754	0.46517	0.489865	0.515952	0.537084	0.553586	0.575424	0.591613	0.610493	0.634481	0.624988	0.6163	0.648369	0.678141	0.706484	0.731871	0.750408	0.773918	0.796465	0.813526	0.828876	0.84895	0.849873	0.838743	0.829105	0.840353	0.866437	0.888893	0.916178	0.934791	0.955749	0.973719	0.986739	1.00721	1.02022	1.01587	1.01546	1.01167	1.01007	1.02527	1.0465	1.06095	1.0831	1.10154	1.11408	1.13173	1.14738	1.16371	1.15594	1.14852	1.1507	1.15714	1.16954	1.18654	1.19683	1.21575	1.24029	1.25863	1.26954	1.27689	1.27785	1.29424
NaN	0.0636696	0.00149583	0.111578	0.00220314	0.127558	0.176413	0.00226475	0.0125307	0.00490974	0.00588595	0.00691782	0.00779396	0.00892129	0.35231	0.252683	0.32132	0.367777	0.407814	0.439391	0.470785	0.493748	0.520704	0.542634	0.557675	0.57921	0.594528	0.622891	0.62765	0.606833	0.626992	0.656572	0.68853	0.715241	0.74007	0.761302	0.780058	0.802998	0.820873	0.832188	0.851312	0.844873	0.830774	0.832574	0.850342	0.881852	0.900307	0.925677	0.941536	0.961777	0.982112	0.995797	1.01145	1.02188	1.01355	1.00115	0.997513	1.00985	1.03703	1.05394	1.07243	1.09413	1.11167	1.12742	1.12997	1.15364	1.16054	1.15968	1.14561	1.14807	1.1579	1.17834	1.19763	1.21003	1.22855	1.24753	1.26383	1.27593	1.28243	1.27582	1.27565
NaN	0.0690814	0.00173137	0.110603	0.00215353	0.130958	0.1842	0.0108622	0.00330983	0.00467086	0.00572258	0.00701503	0.00810035	0.00862541	0.355176	0.263576	0.328918	0.374727	0.413857	0.445117	0.476208	0.499149	0.524173	0.545999	0.56148	0.583385	0.597903	0.629717	0.606273	0.605932	0.634695	0.667048	0.697035	0.723511	0.746688	0.767456	0.7875	0.809562	0.828217	0.836452	0.845184	0.835348	0.81629	0.842205	0.860878	0.889024	0.908343	0.933232	0.950859	0.973927	0.990397	0.997571	1.01748	1.00974	0.993951	0.995482	0.999276	1.01948	1.05111	1.0697	1.07835	1.10446	1.12015	1.13414	1.14516	1.15235	1.15278	1.14586	1.13476	1.15295	1.1748	1.19455	1.20984	1.22083	1.23715	1.2617	1.27056	1.28114	1.28491	1.26864	1.27553
NaN	0.0621316	0.00372776	0.112841	0.00217707	0.133927	0.177944	0.00219208	0.00344369	0.00484947	0.00588814	0.00679509	0.00757736	0.0303627	0.35559	0.272598	0.33726	0.381344	0.419339	0.451815	0.481075	0.503789	0.529765	0.549352	0.565459	0.585892	0.611114	0.618865	0.599449	0.611686	0.645533	0.676741	0.704778	0.730718	0.754747	0.772632	0.793077	0.814647	0.83158	0.838766	0.833037	0.815977	0.821341	0.847935	0.870116	0.897096	0.917956	0.941263	0.960128	0.978641	0.998871	1.0041	1.01614	0.997384	0.986151	1.00013	1.01403	1.03032	1.0599	1.07541	1.08853	1.11131	1.12883	1.13966	1.13962	1.1476	1.13716	1.13681	1.14467	1.15832	1.1851	1.20235	1.21919	1.22802	1.24617	1.26407	1.27458	1.28339	1.27724	1.26832	1.2713
NaN	0.0498088	0.0506524	0.115224	0.0020593	0.136536	0.176374	0.00229952	0.00318516	0.00472701	0.00569364	0.00671301	0.00812355	0.10982	0.352496	0.281005	0.34373	0.387869	0.425133	0.456159	0.485919	0.50831	0.532608	0.551999	0.56868	0.589519	0.613389	0.605658	0.594272	0.618875	0.654087	0.685473	0.712626	0.736753	0.759589	0.780527	0.79963	0.820199	0.837294	0.830424	0.814361	0.803919	0.830479	0.859142	0.880159	0.90837	0.925869	0.95122	0.966563	0.98895	1.00459	1.00339	1.00265	0.990496	0.98195	1.00145	1.02442	1.04497	1.06761	1.0846	1.09422	1.12169	1.13753	1.14175	1.1407	1.13923	1.13134	1.13677	1.15221	1.17112	1.19257	1.21103	1.23122	1.23669	1.25837	1.275	1.27567	1.28157	1.2657	1.26192	1.27405
NaN	0.00119531	0.0696907	0.102655	0.0112434	0.139219	0.175206	0.0107672	0.00319301	0.0044998	0.00591039	0.006788	0.00789436	0.241518	0.350304	0.288991	0.350369	0.393922	0.429441	0.46062	0.489946	0.511563	0.536416	0.555965	0.570973	0.596474	0.58974	0.589011	0.597575	0.628435	0.662775	0.694168	0.720827	0.744336	0.767832	0.784215	0.80423	0.825476	0.838325	0.821023	0.799384	0.817027	0.838999	0.868414	0.887903	0.914433	0.932798	0.956898	0.974523	0.993357	1.00757	1.00091	0.990859	0.977583	0.992167	1.015	1.03196	1.05654	1.07387	1.09355	1.102	1.12705	1.13866	1.13597	1.12958	1.12741	1.12922	1.14703	1.15763	1.18358	1.20356	1.22454	1.24097	1.24386	1.25639	1.27936	1.26757	1.26433	1.25831	1.26786	1.28696
NaN	0.00110948	0.0586187	0.102979	0.00208615	0.141532	0.170925	0.00247953	0.00317847	0.00456761	0.0055573	0.00684014	0.00755162	0.303939	0.348313	0.297053	0.356368	0.399703	0.435756	0.465046	0.494787	0.515055	0.540506	0.559889	0.574294	0.608045	0.563328	0.584209	0.602701	0.638537	0.670736	0.700804	0.726902	0.750561	0.772239	0.789576	0.809446	0.829526	0.830561	0.801435	0.800472	0.821982	0.849256	0.875603	0.896299	0.924541	0.940575	0.964837	0.981128	0.998388	1.00613	0.984007	0.978273	0.98022	0.996681	1.02004	1.04084	1.05908	1.0837	1.10017	1.1097	1.12779	1.13963	1.1304	1.12317	1.1205	1.13732	1.1545	1.17036	1.18882	1.21298	1.23082	1.2476	1.25549	1.25949	1.27069	1.26344	1.25781	1.26514	1.27595	1.29758
NaN	0.000985761	0.0645923	0.107079	0.00210299	0.14384	0.161781	0.00217956	0.0033147	0.00438365	0.00573131	0.00665942	0.0181114	0.318855	0.345148	0.304167	0.363305	0.405307	0.440535	0.471029	0.498542	0.519215	0.542493	0.561195	0.57938	0.583925	0.551313	0.577852	0.613549	0.647378	0.678947	0.706369	0.733173	0.755094	0.778759	0.79633	0.814397	0.834261	0.826706	0.792325	0.805205	0.830134	0.857433	0.885863	0.904332	0.930313	0.94642	0.972202	0.985758	0.999948	1.00294	0.965271	0.973434	0.984459	1.0115	1.02908	1.05113	1.06556	1.09415	1.11055	1.11613	1.13429	1.13711	1.12382	1.11254	1.12976	1.14926	1.16588	1.18057	1.20754	1.22347	1.24226	1.25434	1.25635	1.26426	1.25306	1.25616	1.26293	1.26711	1.28777	1.31059
NaN	0.000844742	0.0688994	0.112473	0.011195	0.146058	0.154203	0.00227898	0.00331671	0.0046346	0.0157061	0.006687	0.00760891	0.322054	0.341866	0.310685	0.368664	0.410587	0.445443	0.474395	0.502648	0.523269	0.547248	0.56614	0.581309	0.51691	0.550097	0.587192	0.621205	0.655241	0.686016	0.714334	0.739378	0.763513	0.784501	0.800818	0.819032	0.828673	0.809566	0.787847	0.807877	0.842832	0.866394	0.894097	0.912151	0.938416	0.953726	0.976621	0.991342	0.996722	0.983868	0.960623	0.970931	0.991558	1.01282	1.04124	1.05991	1.07548	1.09848	1.11465	1.12266	1.13245	1.12731	1.11649	1.11649	1.13326	1.15481	1.17637	1.18869	1.21362	1.23662	1.24576	1.25867	1.25298	1.26145	1.25322	1.25456	1.2664	1.2795	1.29235	1.31549
NaN	0.00092413	0.0723173	0.116907	0.00213106	0.148019	0.140539	0.0023955	0.00317052	0.00439421	0.00564455	0.00657156	0.00718847	0.325611	0.339062	0.317595	0.374661	0.415673	0.44899	0.478281	0.506587	0.527077	0.550545	0.567519	0.592346	0.501923	0.551519	0.594939	0.629326	0.663393	0.693445	0.719956	0.74478	0.767548	0.789456	0.802905	0.823521	0.822463	0.7841	0.78821	0.822944	0.850351	0.872416	0.901313	0.920339	0.943181	0.960676	0.985579	0.994588	0.985882	0.973601	0.953131	0.978782	1.00217	1.0244	1.05163	1.06779	1.08357	1.10867	1.12251	1.12554	1.13256	1.10885	1.11344	1.11733	1.14692	1.16793	1.1857	1.19768	1.22595	1.23956	1.25294	1.25453	1.24489	1.24204	1.2481	1.25795	1.27439	1.29054	1.30346	1.31954
NaN	0.00109832	0.0755002	0.105774	0.00212859	0.149997	0.0777278	0.0023414	0.00320743	0.00446855	0.00569224	0.00631475	0.00758887	0.329623	0.332023	0.323847	0.380345	0.4205	0.453436	0.482581	0.510475	0.530326	0.553982	0.570566	0.59486	0.509562	0.55972	0.603349	0.636915	0.670385	0.699847	0.726225	0.751879	0.772651	0.793586	0.807289	0.820072	0.808399	0.7782	0.796523	0.829336	0.85624	0.881067	0.908691	0.927372	0.950038	0.96604	0.987648	0.995979	0.983035	0.954478	0.962216	0.986923	1.01196	1.03485	1.05479	1.07505	1.08907	1.11422	1.1257	1.11969	1.12337	1.11326	1.11873	1.12803	1.15164	1.1719	1.19647	1.20903	1.21943	1.24985	1.25312	1.25998	1.2398	1.24628	1.257	1.26807	1.28683	1.29697	1.3105	1.3386
NaN	0.00103726	0.0780897	0.111525	0.0020425	0.151677	0.00246045	0.00229875	0.0122035	0.00437046	0.00556777	0.00632082	0.00742025	0.333795	0.324324	0.329822	0.38593	0.425193	0.460321	0.487631	0.514087	0.533329	0.556493	0.577456	0.574222	0.518772	0.568506	0.61056	0.643961	0.67761	0.70556	0.731441	0.756073	0.779509	0.799078	0.814397	0.818346	0.787748	0.788539	0.804936	0.837911	0.866574	0.891018	0.914567	0.932706	0.958261	0.972672	0.989912	0.984826	0.96217	0.956022	0.96738	0.998017	1.02088	1.04067	1.06803	1.08445	1.09756	1.11977	1.12943	1.12097	1.11373	1.10503	1.11699	1.13977	1.1619	1.18256	1.20365	1.21675	1.23575	1.254	1.25204	1.24413	1.22612	1.24551	1.26073	1.27438	1.29675	1.31432	1.32325	1.34919
NaN	0.00085229	0.0805853	0.106674	0.00215225	0.153434	0.00239378	0.00250111	0.00327414	0.00437848	0.00547167	0.00669876	0.00738872	0.336522	0.313429	0.335789	0.39076	0.430082	0.461985	0.48981	0.517897	0.536603	0.55966	0.576392	0.515221	0.52908	0.576925	0.616829	0.64983	0.68042	0.71181	0.736589	0.760332	0.782679	0.802085	0.813474	0.803917	0.777258	0.786384	0.813509	0.844969	0.874425	0.896257	0.923726	0.938511	0.964471	0.977147	0.990025	0.977957	0.949849	0.957739	0.976175	1.00526	1.02865	1.05075	1.0725	1.0903	1.10499	1.12511	1.12497	1.10742	1.10202	1.1088	1.12989	1.14504	1.17274	1.19495	1.21339	1.22527	1.24607	1.25057	1.25103	1.23748	1.23721	1.2393	1.2656	1.28472	1.30237	1.31956	1.32984	1.35727
NaN	0.000965563	0.082976	0.105207	0.00215174	0.154974	0.00232867	0.0107677	0.0032757	0.00445123	0.00544053	0.00660926	0.00730635	0.339767	0.296944	0.340683	0.395291	0.434676	0.467098	0.493789	0.521196	0.539777	0.563004	0.582704	0.499788	0.538523	0.583711	0.625299	0.656778	0.686946	0.716499	0.743153	0.765571	0.787622	0.806198	0.810483	0.780611	0.777552	0.793587	0.822095	0.853198	0.882356	0.904929	0.927618	0.944726	0.967597	0.98054	0.986383	0.960917	0.954504	0.962235	0.984806	1.01568	1.03826	1.05539	1.07985	1.09798	1.10632	1.12772	1.12024	1.10213	1.10251	1.11814	1.13908	1.1541	1.1816	1.19889	1.22125	1.23316	1.24624	1.25242	1.241	1.23438	1.23296	1.24531	1.27917	1.29074	1.31606	1.32623	1.33742	1.35384
NaN	0.00101011	0.0852018	0.0959707	0.00214026	0.156478	0.00222672	0.0022603	0.00324411	0.00431472	0.00541004	0.00633815	0.00713362	0.343039	0.275925	0.346151	0.399806	0.43878	0.473433	0.497272	0.524765	0.543559	0.566386	0.586829	0.488319	0.547982	0.591623	0.632325	0.664495	0.694168	0.721589	0.746658	0.770129	0.791098	0.809553	0.804495	0.760278	0.776479	0.800903	0.828756	0.858626	0.886628	0.908298	0.934087	0.951096	0.974325	0.982509	0.979024	0.946779	0.953638	0.972104	0.992954	1.02237	1.04586	1.06141	1.08839	1.10277	1.10835	1.11577	1.10956	1.09006	1.10188	1.12379	1.14749	1.16365	1.19161	1.21044	1.22696	1.23414	1.24127	1.24512	1.23183	1.23987	1.23783	1.26116	1.2793	1.30574	1.32259	1.33599	1.33995	1.35191
NaN	0.000875191	0.0875	0.0718996	0.00202394	0.15807	0.00224958	0.00235381	0.00310254	0.0044351	0.00532147	0.00630152	0.00716394	0.345333	0.263389	0.350996	0.404691	0.442783	0.474299	0.50077	0.527782	0.546261	0.568505	0.595604	0.501421	0.555906	0.598663	0.636998	0.667858	0.700496	0.72636	0.751382	0.774403	0.796336	0.810244	0.777048	0.76404	0.776572	0.808287	0.834813	0.870096	0.89349	0.916018	0.940586	0.955614	0.980315	0.982047	0.962869	0.944496	0.950816	0.980388	1.00033	1.0308	1.05159	1.06862	1.09444	1.1104	1.11406	1.11374	1.09998	1.08917	1.10973	1.13682	1.15471	1.17041	1.19997	1.21767	1.23322	1.23869	1.24277	1.24005	1.22577	1.23071	1.24635	1.26687	1.28907	1.31126	1.3313	1.34342	1.35214	1.36255
NaN	0.000966152	0.0900704	0.00160839	0.0020474	0.159401	0.00228414	0.00234132	0.00320283	0.00431006	0.00517286	0.00617539	0.00708757	0.348324	0.255046	0.355817	0.408837	0.447019	0.47821	0.504758	0.531133	0.549058	0.571114	0.598508	0.507181	0.562711	0.60525	0.643853	0.673767	0.706407	0.731891	0.756585	0.778324	0.798933	0.805802	0.757461	0.762634	0.784205	0.817704	0.843411	0.874504	0.900807	0.922364	0.945578	0.962411	0.982234	0.976203	0.942216	0.934495	0.961208	0.986576	1.00828	1.03539	1.0591	1.07476	1.09613	1.11275	1.11266	1.1125	1.08874	1.09372	1.11991	1.1403	1.16584	1.1793	1.20391	1.22402	1.24057	1.23734	1.23665	1.2213	1.22959	1.23554	1.25604	1.27592	1.29967	1.32102	1.33946	1.34726	1.34867	1.34246
NaN	0.00096038	0.0833691	0.00154691	0.00213466	0.16329	0.00226037	0.00240986	0.00316985	0.00419025	0.00514546	0.00645302	0.00675741	0.35099	0.259437	0.361261	0.413632	0.450764	0.482373	0.50893	0.534514	0.552103	0.573795	0.589057	0.515293	0.570407	0.611998	0.648821	0.679279	0.708653	0.737661	0.75988	0.783057	0.802542	0.791505	0.743881	0.763564	0.79062	0.825298	0.851229	0.880928	0.906031	0.929628	0.953536	0.966896	0.984978	0.962692	0.943498	0.944972	0.971281	0.997188	1.01664	1.04427	1.06509	1.08233	1.10551	1.11137	1.09959	1.08599	1.09195	1.10151	1.12812	1.15178	1.16991	1.18741	1.21256	1.22793	1.24141	1.22515	1.22142	1.22691	1.22161	1.24509	1.26156	1.28057	1.3088	1.33232	1.34979	1.34681	1.3462	1.33834
NaN	0.000909796	0.0787788	0.00147445	0.0021606	0.162005	0.0022357	0.00240566	0.00316827	0.0138188	0.00528868	0.00636775	0.0209125	0.352744	0.267271	0.366487	0.417479	0.454746	0.48597	0.511073	0.537545	0.555569	0.576658	0.568773	0.523921	0.576528	0.618694	0.654644	0.684478	0.714433	0.741751	0.764131	0.786582	0.805104	0.762817	0.740256	0.764402	0.800451	0.833229	0.857855	0.888662	0.914191	0.93292	0.957354	0.969437	0.980166	0.946167	0.936072	0.949224	0.976854	1.00602	1.02203	1.05211	1.07163	1.0889	1.10821	1.11528	1.10614	1.08173	1.08989	1.10843	1.13627	1.15967	1.1771	1.19351	1.22201	1.23647	1.24176	1.22759	1.22347	1.22394	1.23241	1.25401	1.27222	1.30004	1.32085	1.34032	1.34298	1.34975	1.34145	1.33616
NaN	0.00074536	0.0848542	0.00148535	0.00207972	0.16336	0.00229286	0.00243001	0.00296692	0.00418801	0.00526576	0.0062364	0.024104	0.355214	0.274871	0.371309	0.420644	0.458177	0.489373	0.514279	0.540471	0.55967	0.581375	0.540375	0.530957	0.584012	0.624102	0.660618	0.689416	0.718223	0.744687	0.76775	0.789342	0.804686	0.740946	0.738675	0.772362	0.808002	0.839309	0.86438	0.894182	0.918054	0.938196	0.962456	0.972678	0.974181	0.933013	0.935977	0.957744	0.988203	1.01383	1.03	1.05967	1.07925	1.09553	1.11497	1.11049	1.087	1.07985	1.09616	1.11515	1.14541	1.16786	1.18607	1.19944	1.22848	1.2386	1.24116	1.23006	1.21771	1.22476	1.24536	1.26395	1.28029	1.30457	1.33015	1.33964	1.35076	1.34012	1.33507	1.34011
NaN	0.000778392	0.0890501	0.00142399	0.00206783	0.164691	0.0100946	0.0024623	0.00311812	0.00431627	0.00522742	0.00601728	0.0312448	0.357072	0.280427	0.376964	0.425233	0.462492	0.492802	0.51752	0.543454	0.560169	0.582644	0.531282	0.540213	0.588748	0.630549	0.665598	0.693332	0.721737	0.749318	0.772083	0.794034	0.800188	0.71852	0.743234	0.782728	0.815989	0.845879	0.8696	0.898658	0.92429	0.944049	0.965772	0.973668	0.951433	0.927314	0.940775	0.964054	0.992965	1.02041	1.03879	1.0639	1.08595	1.09662	1.11093	1.10549	1.08123	1.08613	1.10251	1.12224	1.15044	1.17348	1.19347	1.20557	1.22762	1.24165	1.22855	1.21575	1.20805	1.22409	1.24816	1.27396	1.28847	1.31294	1.32963	1.34448	1.35284	1.34833	1.33465	1.34102
NaN	0.000701612	0.09122	0.00139076	0.00211963	0.1659	0.010077	0.0025125	0.00311471	0.00426091	0.00494518	0.00621284	0.0851454	0.359895	0.287775	0.378466	0.429053	0.465599	0.495432	0.521509	0.546358	0.563529	0.586139	0.507855	0.54495	0.595291	0.634718	0.670619	0.698102	0.727527	0.752604	0.775771	0.797467	0.790943	0.719167	0.751311	0.78818	0.82362	0.853151	0.874967	0.90482	0.928719	0.948145	0.970844	0.962543	0.93434	0.923806	0.943667	0.973326	1.00206	1.02638	1.04403	1.07121	1.09041	1.10416	1.11203	1.08878	1.07474	1.0884	1.11433	1.13086	1.15912	1.17894	1.1997	1.21992	1.23746	1.23985	1.22097	1.21491	1.21955	1.2365	1.25818	1.27872	1.2973	1.32297	1.33689	1.34488	1.34313	1.33578	1.32692	1.33282
NaN	0.000774477	0.0798522	0.00141964	0.00208726	0.166862	0.00223869	0.00245226	0.0032045	0.00420743	0.0052683	0.00614905	0.0904819	0.361723	0.2938	0.381961	0.432666	0.468551	0.499029	0.523294	0.549001	0.565459	0.590373	0.504219	0.55188	0.600845	0.641647	0.675498	0.703608	0.731516	0.75767	0.780609	0.800175	0.765782	0.72109	0.760039	0.795694	0.828998	0.858851	0.883	0.910336	0.934142	0.952487	0.97108	0.958924	0.929011	0.925287	0.952185	0.9817	1.00811	1.03083	1.04998	1.07749	1.0954	1.10258	1.10722	1.07974	1.07312	1.09289	1.11763	1.14082	1.16916	1.19275	1.21092	1.21852	1.23473	1.22798	1.21532	1.20288	1.22151	1.24964	1.2665	1.28735	1.30744	1.32861	1.34393	1.34407	1.34325	1.33635	1.32906	1.34056
NaN	0.000800252	0.0937467	0.00145217	0.00212831	0.167797	0.00226309	0.00248069	0.00308068	0.00419596	0.00519083	0.00615654	0.165831	0.363202	0.301048	0.386071	0.435758	0.472038	0.501349	0.52601	0.553525	0.568126	0.594911	0.502361	0.559047	0.606208	0.645796	0.679317	0.707127	0.737079	0.760949	0.783063	0.80015	0.737228	0.722381	0.762916	0.802809	0.838424	0.865521	0.887226	0.914944	0.937474	0.956858	0.973024	0.938296	0.919002	0.935332	0.961672	0.989276	1.01562	1.03966	1.05704	1.08109	1.1003	1.10078	1.09239	1.07896	1.08057	1.09859	1.13082	1.14475	1.17591	1.19541	1.21355	1.22247	1.23765	1.21658	1.21477	1.20798	1.23207	1.25447	1.27448	1.29806	1.31484	1.33034	1.34585	1.33908	1.33309	1.33085	1.32693	1.34441
NaN	0.000762649	0.0788838	0.0013914	0.00206223	0.168781	0.00225002	0.00239577	0.0120365	0.00426557	0.00514644	0.00612531	0.207657	0.365329	0.305144	0.390083	0.43975	0.475586	0.50537	0.529116	0.554663	0.570749	0.598703	0.504569	0.56451	0.611679	0.649627	0.684061	0.711845	0.739971	0.765093	0.787639	0.80076	0.725227	0.733432	0.772632	0.808859	0.840728	0.870747	0.892734	0.919333	0.942237	0.961047	0.962495	0.920262	0.924866	0.937246	0.964979	0.993958	1.02203	1.04556	1.05885	1.08882	1.10217	1.09566	1.08133	1.0746	1.07799	1.10677	1.13276	1.15384	1.18582	1.20079	1.21928	1.2193	1.22867	1.20846	1.20394	1.20813	1.23452	1.26127	1.28159	1.30349	1.31889	1.33161	1.3409	1.33767	1.33402	1.33003	1.33466	1.36013
NaN	0.000738411	0.0778997	0.00143371	0.00205372	0.169872	0.00237013	0.00244505	0.00317838	0.00411949	0.00535913	0.00617993	0.2545	0.366675	0.309205	0.393563	0.442802	0.478559	0.50801	0.531537	0.558442	0.57356	0.605258	0.510741	0.57044	0.616586	0.655954	0.689192	0.716203	0.744136	0.76859	0.790774	0.798964	0.713484	0.742225	0.778025	0.814223	0.846605	0.875144	0.895764	0.923894	0.948638	0.964569	0.944458	0.915037	0.920453	0.94165	0.974367	0.999535	1.02623	1.05091	1.06771	1.09465	1.10069	1.09525	1.08333	1.07366	1.0851	1.11986	1.14172	1.15988	1.19062	1.20691	1.22368	1.22062	1.22426	1.20543	1.20788	1.21953	1.2485	1.27197	1.29266	1.31195	1.32568	1.33908	1.33923	1.33646	1.32008	1.33121	1.33649	1.35798
NaN	0.000866903	0.0739162	0.00146096	0.0198977	0.170656	0.00227233	0.0189564	0.00301425	0.00417671	0.00508214	0.00613821	0.266275	0.368663	0.314474	0.397275	0.446328	0.481717	0.511174	0.5347	0.560025	0.578315	0.606551	0.517702	0.575681	0.62234	0.659577	0.693104	0.719133	0.74555	0.772059	0.793879	0.791412	0.709686	0.746495	0.784757	0.820365	0.851952	0.881469	0.90145	0.929225	0.953159	0.966107	0.923317	0.906993	0.921262	0.951969	0.982243	1.00756	1.03462	1.05849	1.07122	1.09426	1.10303	1.08536	1.06579	1.0761	1.09776	1.12017	1.14861	1.16793	1.19775	1.21712	1.22662	1.22107	1.21672	1.20477	1.21366	1.22968	1.25699	1.28033	1.30191	1.32239	1.33064	1.34013	1.33392	1.32792	1.32664	1.33409	1.34658	1.37082
NaN	0.000794753	0.0643505	0.00147641	0.0201233	0.171442	0.0024332	0.0390837	0.0120107	0.00403445	0.00508915	0.00595789	0.279642	0.370482	0.318931	0.400283	0.449204	0.484422	0.51321	0.539351	0.564658	0.578954	0.60801	0.525913	0.58271	0.62697	0.665113	0.697919	0.724422	0.751219	0.776517	0.797655	0.780934	0.713478	0.755825	0.792495	0.826193	0.858016	0.887444	0.905051	0.932222	0.955984	0.960753	0.903098	0.904287	0.93215	0.957603	0.987901	1.01251	1.03929	1.06073	1.07542	1.09978	1.10164	1.06906	1.0661	1.08112	1.10368	1.13329	1.15579	1.17537	1.20177	1.22387	1.2237	1.21504	1.20536	1.21408	1.21851	1.23786	1.26019	1.2875	1.30846	1.32532	1.3221	1.33005	1.32975	1.32688	1.3301	1.34399	1.3552	1.37887
NaN	0.000803208	0.0387	0.00143478	0.0327417	0.176965	0.00230902	0.0521844	0.0029848	0.0135099	0.0151274	0.00584135	0.301441	0.372224	0.322619	0.403923	0.453019	0.487568	0.516465	0.540807	0.565989	0.58005	0.607435	0.532551	0.586229	0.632395	0.671867	0.700214	0.72752	0.755912	0.778993	0.800504	0.766962	0.717795	0.761997	0.797286	0.831412	0.862466	0.889666	0.913042	0.939108	0.959249	0.950584	0.907959	0.904113	0.937658	0.968583	0.993972	1.02076	1.04455	1.07006	1.08	1.1068	1.09096	1.06379	1.06526	1.08903	1.1095	1.13917	1.16151	1.18316	1.20398	1.2184	1.22313	1.21742	1.19608	1.20367	1.22319	1.24287	1.26144	1.29589	1.31561	1.33229	1.33528	1.33231	1.31812	1.31539	1.3268	1.3452	1.36568	1.38952
NaN	0.000757927	0.000887776	0.00147259	0.0769399	0.173443	0.00233654	0.0542345	0.00303344	0.00388022	0.00515693	0.0168812	0.305387	0.372993	0.327618	0.406967	0.455551	0.490347	0.518506	0.54688	0.572946	0.587967	0.604679	0.541734	0.596689	0.639816	0.676719	0.705238	0.73489	0.75877	0.781553	0.804478	0.750467	0.725193	0.76847	0.808066	0.836961	0.868213	0.895191	0.916021	0.948238	0.964954	0.948375	0.896168	0.912264	0.943257	0.973814	1.00175	1.02598	1.04995	1.07207	1.08646	1.10015	1.0808	1.0648	1.06674	1.09278	1.11562	1.14842	1.16993	1.18802	1.21174	1.22946	1.22435	1.20426	1.19035	1.20956	1.23531	1.25536	1.27859	1.30057	1.32382	1.33916	1.33832	1.33894	1.33227	1.32314	1.34381	1.35355	1.37359	1.39066
NaN	0.000703375	0.000928296	0.00142093	0.092761	0.178717	0.00224933	0.0992259	0.0207939	0.00408245	0.00483853	0.00584325	0.311018	0.375319	0.331533	0.410406	0.458242	0.493963	0.521902	0.545664	0.575394	0.591817	0.606445	0.549527	0.597985	0.643628	0.683246	0.712665	0.737001	0.763724	0.7863	0.805419	0.731912	0.729324	0.776622	0.810476	0.843108	0.875775	0.900967	0.922544	0.948664	0.961893	0.929044	0.89094	0.917691	0.9496	0.978362	1.00687	1.02997	1.05732	1.07536	1.09049	1.09671	1.06912	1.05727	1.07783	1.10528	1.12489	1.15449	1.18001	1.19262	1.21979	1.21282	1.22607	1.19623	1.19863	1.22024	1.23671	1.26164	1.28828	1.30721	1.32744	1.33888	1.32296	1.31651	1.31182	1.33213	1.34553	1.36697	1.38215	1.40692
NaN	0.000725352	0.00094304	0.00153222	0.0761593	0.177304	0.00226136	0.105307	0.0473524	0.004028	0.00505214	0.00605501	0.316089	0.376155	0.336029	0.413234	0.461259	0.495749	0.525434	0.552465	0.576429	0.594936	0.598481	0.556171	0.603545	0.654682	0.684572	0.715329	0.740976	0.767356	0.788807	0.806879	0.720964	0.738857	0.780232	0.820227	0.848362	0.878714	0.906297	0.926629	0.94974	0.962605	0.913594	0.89126	0.924796	0.957773	0.984	1.01452	1.03615	1.06333	1.08325	1.08854	1.09086	1.06374	1.05935	1.08253	1.11816	1.13466	1.16274	1.18311	1.19903	1.22275	1.22716	1.20983	1.19447	1.20281	1.22451	1.24615	1.26789	1.29078	1.32064	1.32867	1.33148	1.32788	1.32593	1.32334	1.33283	1.35044	1.37861	1.38982	1.41034
NaN	0.000729878	0.000948218	0.00143227	0.0969491	0.190378	0.00234985	0.113504	0.0600343	0.00390669	0.00490954	0.00618868	0.318526	0.376777	0.337711	0.416014	0.463964	0.497957	0.535725	0.559205	0.583046	0.597806	0.596137	0.563173	0.614294	0.650319	0.687003	0.719589	0.744911	0.774288	0.796294	0.805829	0.726115	0.746694	0.787065	0.819614	0.854634	0.885194	0.910811	0.930668	0.955399	0.964024	0.891317	0.900117	0.932039	0.963452	0.992091	1.02138	1.04371	1.06807	1.08683	1.09008	1.08261	1.05985	1.0604	1.08999	1.11707	1.145	1.16919	1.19028	1.20295	1.22578	1.22433	1.21258	1.19259	1.20679	1.23195	1.25704	1.27594	1.30019	1.31731	1.33904	1.33307	1.33049	1.31261	1.32065	1.33513	1.35688	1.38392	1.39011	1.42966
NaN	0.000837101	0.000980779	0.00144961	0.118417	0.193207	0.00230544	0.113329	0.0676441	0.00404832	0.00466659	0.00579329	0.322442	0.378899	0.341861	0.418638	0.466339	0.501669	0.531634	0.559096	0.581067	0.602394	0.584436	0.562289	0.616509	0.657596	0.696847	0.728467	0.748201	0.774294	0.796474	0.807438	0.718161	0.751786	0.793926	0.82748	0.859821	0.888949	0.916533	0.933497	0.959362	0.959249	0.881192	0.902329	0.937859	0.971871	0.998488	1.03074	1.0495	1.07046	1.09172	1.09711	1.07655	1.06063	1.06801	1.10018	1.12798	1.14533	1.17331	1.20117	1.20987	1.22437	1.21263	1.19762	1.1899	1.21184	1.238	1.26953	1.28411	1.30188	1.32549	1.33887	1.33663	1.32697	1.30794	1.32544	1.34217	1.36374	1.38307	1.40077	1.41337
NaN	0.00069479	0.000990053	0.00149297	0.135871	0.199981	0.00226707	0.125234	0.109196	0.0039291	0.014762	0.00566773	0.329542	0.379203	0.345003	0.421281	0.469169	0.504612	0.538389	0.563529	0.586725	0.604921	0.586034	0.569192	0.620197	0.66251	0.699319	0.727549	0.753644	0.778926	0.800713	0.800594	0.717839	0.762773	0.79934	0.831459	0.862997	0.894254	0.919279	0.940925	0.959716	0.945269	0.884938	0.911381	0.944775	0.97774	1.00384	1.03185	1.05712	1.07473	1.09435	1.08467	1.0658	1.05844	1.0741	1.10482	1.13153	1.15457	1.18027	1.20053	1.21738	1.22365	1.20528	1.20363	1.19812	1.22232	1.2439	1.27397	1.28753	1.31053	1.32795	1.34018	1.32346	1.31741	1.31281	1.32624	1.34948	1.3739	1.3927	1.40878	1.42852
NaN	0.00069066	0.000991895	0.00143593	0.124752	0.198866	0.00237681	0.105199	0.0986182	0.0039719	0.00495839	0.00585344	0.326113	0.380169	0.349391	0.424429	0.471695	0.509013	0.545592	0.571207	0.58993	0.609253	0.577355	0.572061	0.627127	0.66567	0.695886	0.728849	0.76104	0.784448	0.804367	0.795849	0.722696	0.76552	0.808118	0.833374	0.870281	0.900602	0.927309	0.939111	0.96381	0.925233	0.881685	0.916477	0.948634	0.98231	1.00803	1.03776	1.06086	1.0831	1.09831	1.08349	1.05165	1.06029	1.07847	1.11159	1.13741	1.15502	1.18755	1.21	1.21471	1.22546	1.21614	1.19342	1.20071	1.23082	1.26013	1.27832	1.29303	1.31776	1.33191	1.32394	1.32865	1.31514	1.31945	1.33765	1.35555	1.37915	1.40038	1.4245	1.43943
NaN	0.000784535	0.000972172	0.00145815	0.127364	0.193797	0.010137	0.13092	0.0994388	0.00390883	0.00492174	0.00589068	0.326008	0.38104	0.351415	0.426539	0.474134	0.513505	0.543487	0.564291	0.596043	0.610537	0.568931	0.582538	0.631224	0.674156	0.709613	0.736891	0.761877	0.786995	0.808736	0.788073	0.722401	0.774196	0.809507	0.841714	0.881014	0.905303	0.93196	0.94216	0.967954	0.917311	0.885981	0.928432	0.958161	0.991058	1.01854	1.04545	1.07492	1.09171	1.09404	1.07393	1.04444	1.06999	1.08555	1.12096	1.14772	1.16802	1.19341	1.20786	1.2176	1.2162	1.18728	1.19295	1.20482	1.23828	1.25876	1.28459	1.3011	1.32338	1.3418	1.32689	1.31054	1.31239	1.31657	1.34238	1.37384	1.39305	1.40873	1.42304	1.42993
NaN	0.000702275	0.00100928	0.00146945	0.150557	0.212752	0.00237058	0.156553	0.114187	0.00389396	0.00468657	0.00567125	0.336341	0.382567	0.35386	0.429108	0.476321	0.51566	0.552792	0.575977	0.596977	0.607603	0.562252	0.590131	0.63176	0.678456	0.71389	0.742479	0.762062	0.793447	0.813612	0.783337	0.733232	0.779263	0.8187	0.851844	0.885984	0.908698	0.936229	0.948124	0.962067	0.90214	0.896768	0.938651	0.964164	0.998387	1.02066	1.04596	1.07094	1.08813	1.09028	1.05209	1.04541	1.06611	1.09352	1.12992	1.14831	1.17045	1.19511	1.22198	1.21407	1.20935	1.19038	1.19363	1.21436	1.24446	1.27134	1.29028	1.30877	1.3355	1.34432	1.32785	1.31735	1.31685	1.32899	1.34987	1.37877	1.39999	1.4128	1.42863	1.42911
NaN	0.00072415	0.00103047	0.00149213	0.130873	0.207008	0.00238857	0.135229	0.136739	0.0227153	0.00480739	0.00579409	0.334534	0.382591	0.35665	0.432088	0.481775	0.520543	0.547313	0.576201	0.603615	0.623036	0.560482	0.592535	0.636377	0.681736	0.712289	0.740476	0.773451	0.797817	0.825673	0.775521	0.738525	0.788964	0.820932	0.857962	0.887946	0.912968	0.937504	0.958699	0.966998	0.888634	0.902517	0.937946	0.9679	0.999891	1.02621	1.04995	1.08009	1.09591	1.09623	1.05214	1.05271	1.07632	1.10201	1.13542	1.15789	1.17554	1.20757	1.22775	1.21351	1.20457	1.1931	1.19965	1.21992	1.25349	1.27677	1.30445	1.31919	1.33037	1.33213	1.3174	1.31689	1.31749	1.33367	1.35964	1.38703	1.40006	1.42086	1.42792	1.43171
NaN	0.000647431	0.000978717	0.00146767	0.153286	0.22397	0.00236745	0.165339	0.15836	0.0819785	0.00461366	0.00566529	0.331836	0.383252	0.358932	0.433106	0.481951	0.524444	0.551332	0.5737	0.606478	0.619494	0.556523	0.595753	0.6439	0.687532	0.715951	0.747913	0.769315	0.795686	0.818471	0.759839	0.744555	0.794042	0.835514	0.856034	0.888886	0.915953	0.943406	0.955212	0.952778	0.878877	0.905624	0.945069	0.971936	1.00557	1.03291	1.06282	1.08083	1.09718	1.07926	1.04075	1.05325	1.08079	1.10718	1.14048	1.16779	1.18002	1.21078	1.22177	1.21092	1.19356	1.19168	1.20692	1.23001	1.25834	1.28047	1.30434	1.31945	1.32894	1.33408	1.32291	1.30589	1.32088	1.33778	1.37466	1.3977	1.41207	1.43249	1.42692	1.40982
NaN	0.000647405	0.00103189	0.00147614	0.159417	0.222478	0.00239262	0.152853	0.176457	0.0793715	0.00481561	0.00576256	0.338777	0.381764	0.362063	0.435602	0.490816	0.528781	0.555647	0.580957	0.597661	0.620746	0.54987	0.600393	0.648692	0.68803	0.718353	0.760729	0.772002	0.807123	0.831648	0.763838	0.752528	0.797042	0.831424	0.864122	0.89061	0.922117	0.943738	0.961953	0.94421	0.8849	0.911467	0.957518	0.980109	1.01537	1.02985	1.06468	1.08582	1.09622	1.06377	1.03598	1.06435	1.09618	1.11708	1.14815	1.17185	1.19221	1.21504	1.22049	1.20926	1.19508	1.19661	1.21452	1.24021	1.26275	1.2864	1.31164	1.32563	1.33022	1.34746	1.32165	1.3115	1.32235	1.34662	1.38036	1.39538	1.42237	1.42697	1.43468	1.42328
NaN	0.000630632	0.00102705	0.00146782	0.157046	0.21691	0.00243537	0.165811	0.146688	0.0670519	0.0049071	0.00556834	0.340433	0.386997	0.364118	0.437723	0.489833	0.526296	0.561976	0.588246	0.606579	0.630573	0.560953	0.604093	0.648689	0.692079	0.722003	0.757177	0.779469	0.813931	0.820699	0.757613	0.760311	0.801715	0.842563	0.87007	0.899765	0.921302	0.957623	0.96358	0.949084	0.892304	0.919077	0.955271	0.984053	1.01914	1.04257	1.06593	1.08873	1.1009	1.06066	1.03951	1.0657	1.09599	1.12816	1.14392	1.18187	1.19492	1.22369	1.23162	1.19002	1.18929	1.19315	1.21587	1.2404	1.27887	1.29933	1.31565	1.32723	1.321	1.32325	1.31687	1.31904	1.33141	1.35756	1.37661	1.40795	1.4237	1.43367	1.42942	1.43111
NaN	0.00063777	0.00102868	0.00147871	0.188304	0.216906	0.0023911	0.19008	0.152683	0.0602886	0.0243482	0.0054941	0.343508	0.388493	0.36593	0.439821	0.496566	0.536075	0.565804	0.586863	0.617827	0.631233	0.55034	0.610871	0.659228	0.695759	0.73123	0.75852	0.777097	0.809707	0.833983	0.74415	0.765635	0.80745	0.850745	0.882024	0.905209	0.929252	0.961906	0.971994	0.928803	0.893983	0.92936	0.968998	0.997463	1.02107	1.04564	1.07399	1.08933	1.09731	1.05965	1.03751	1.0707	1.10073	1.13677	1.16446	1.18193	1.19036	1.22264	1.2118	1.19984	1.18594	1.20261	1.22725	1.24855	1.27636	1.29655	1.3187	1.33002	1.32228	1.32269	1.32494	1.3192	1.3403	1.36571	1.39025	1.41667	1.43362	1.44851	1.42621	1.43031
NaN	0.000653889	0.00101674	0.00148802	0.196464	0.215982	0.00248911	0.213208	0.175808	0.128085	0.0247268	0.00565777	0.349555	0.389121	0.368796	0.442427	0.497478	0.536317	0.560815	0.594485	0.619068	0.63739	0.551681	0.620436	0.667312	0.706624	0.737876	0.75838	0.790366	0.816044	0.830023	0.739957	0.769904	0.817483	0.852771	0.880438	0.90555	0.943921	0.960278	0.969847	0.934069	0.899776	0.931755	0.979729	1.00206	1.03208	1.05889	1.07431	1.09719	1.08481	1.05272	1.04623	1.07921	1.10617	1.13689	1.16877	1.18782	1.21038	1.22407	1.20772	1.18368	1.20126	1.20732	1.23329	1.25444	1.29045	1.30567	1.32665	1.33105	1.32372	1.3157	1.32048	1.3257	1.34836	1.37119	1.3972	1.42165	1.42525	1.43875	1.4215	1.42918
NaN	0.000659062	0.00103532	0.00149993	0.212461	0.208546	0.00244267	0.186796	0.199555	0.135933	0.0145927	0.00560015	0.342012	0.388289	0.374273	0.443371	0.498814	0.542217	0.575606	0.604563	0.627083	0.64363	0.562607	0.626651	0.667159	0.706933	0.745531	0.764873	0.798061	0.822567	0.833319	0.743401	0.784415	0.814602	0.858042	0.880205	0.916083	0.947057	0.968749	0.976706	0.928836	0.906724	0.938454	0.974151	1.01193	1.0371	1.05385	1.08251	1.09676	1.07144	1.0347	1.04617	1.09212	1.12069	1.14022	1.16856	1.18755	1.20921	1.23055	1.21548	1.18456	1.19476	1.21341	1.24232	1.25933	1.28687	1.31038	1.33631	1.33117	1.32435	1.32942	1.30797	1.33127	1.35377	1.38139	1.39808	1.42846	1.43456	1.43526	1.42748	1.42763
NaN	0.000674035	0.00102724	0.001505	0.1795	0.219932	0.00248918	0.206002	0.196013	0.13751	0.0444627	0.00560653	0.348887	0.394049	0.373444	0.44556	0.504032	0.539185	0.5735	0.59863	0.635919	0.645318	0.566538	0.627149	0.672343	0.71015	0.7406	0.774794	0.799992	0.830918	0.84187	0.744978	0.782323	0.825715	0.858571	0.887954	0.923894	0.951738	0.973275	0.974972	0.91959	0.908738	0.947948	0.981203	1.00947	1.04687	1.06274	1.0891	1.10567	1.07197	1.0398	1.06379	1.09508	1.11999	1.15263	1.18387	1.19694	1.21212	1.22824	1.20961	1.18793	1.1901	1.22637	1.26414	1.27361	1.30409	1.31706	1.33318	1.32633	1.33663	1.31264	1.32631	1.34183	1.3738	1.39141	1.41188	1.43096	1.44343	1.43428	1.4217	1.42181
NaN	0.000641693	0.0010273	0.00150809	0.218222	0.209715	0.00243064	0.229147	0.189285	0.155696	0.0663657	0.0159587	0.352794	0.398713	0.376679	0.447158	0.501517	0.55278	0.57766	0.611291	0.640449	0.651949	0.570413	0.634788	0.674616	0.710731	0.742469	0.776269	0.803739	0.833292	0.833826	0.748455	0.781835	0.832066	0.871594	0.899096	0.928435	0.954748	0.985077	0.987814	0.913163	0.91835	0.96032	0.985366	1.0207	1.04688	1.06301	1.09195	1.09729	1.07157	1.04078	1.063	1.09407	1.13833	1.15841	1.18215	1.21393	1.22665	1.23275	1.19048	1.18544	1.19422	1.22915	1.2562	1.27775	1.31255	1.33258	1.3412	1.33262	1.30622	1.31444	1.33588	1.34641	1.37196	1.39111	1.42049	1.43156	1.4413	1.44452	1.41957	1.42068
NaN	0.000620269	0.00104441	0.00150278	0.21496	0.222346	0.0326948	0.246593	0.230147	0.171818	0.0903725	0.00573451	0.35729	0.399555	0.378849	0.44947	0.507748	0.541406	0.603736	0.621021	0.635847	0.669422	0.569505	0.644144	0.67875	0.716492	0.750368	0.782991	0.802503	0.838097	0.834276	0.74097	0.795545	0.832152	0.874457	0.905893	0.932223	0.957251	0.97862	0.987007	0.918658	0.92473	0.96001	0.990174	1.02498	1.05445	1.07659	1.10049	1.09616	1.06572	1.03599	1.06829	1.11251	1.14664	1.16185	1.19288	1.21413	1.22275	1.23172	1.19619	1.18512	1.21059	1.23469	1.27329	1.29275	1.32273	1.33567	1.34945	1.34265	1.31031	1.32464	1.33487	1.35259	1.38074	1.40781	1.43222	1.44039	1.44692	1.43142	1.41325	1.42464
NaN	0.000633347	0.0010285	0.0015333	0.239248	0.21787	0.05101	0.272946	0.235891	0.133853	0.0885335	0.0579743	0.354949	0.403293	0.383287	0.450277	0.509039	0.550742	0.594166	0.631361	0.6594	0.673926	0.588591	0.650606	0.684874	0.722267	0.755736	0.782892	0.810199	0.847251	0.828407	0.749604	0.805446	0.847358	0.880322	0.912937	0.939423	0.967682	0.996838	0.986952	0.904997	0.932375	0.976892	1.00431	1.03189	1.06539	1.08241	1.11273	1.11089	1.05382	1.05942	1.08507	1.12496	1.15095	1.17036	1.19763	1.22934	1.23396	1.21261	1.17574	1.18762	1.22131	1.25085	1.26814	1.30227	1.32504	1.35196	1.34492	1.32282	1.32498	1.33052	1.33822	1.36977	1.38859	1.4137	1.43406	1.45483	1.45222	1.45166	1.42786	1.4315
NaN	0.000632793	0.00104608	0.00151361	0.234169	0.24498	0.020843	0.28753	0.261494	0.183588	0.106997	0.0786867	0.36156	0.406447	0.386403	0.451877	0.510297	0.566525	0.604513	0.624164	0.65935	0.677758	0.612013	0.666682	0.707187	0.734802	0.770954	0.796548	0.816807	0.836731	0.839243	0.772815	0.811271	0.850557	0.882252	0.912646	0.953848	0.967964	1.00393	0.994911	0.915719	0.955751	0.982585	1.01575	1.04628	1.06349	1.09281	1.11446	1.12352	1.06082	1.06376	1.09285	1.12487	1.15911	1.18682	1.2031	1.22937	1.22362	1.20939	1.19428	1.19508	1.2377	1.25751	1.28495	1.30364	1.32472	1.34656	1.34455	1.32192	1.33251	1.3257	1.35585	1.3824	1.39502	1.42228	1.44807	1.44984	1.45095	1.44731	1.42407	1.44451
NaN	0.000644528	0.00106451	0.00152343	0.25419	0.228432	0.0622662	0.317326	0.284611	0.161218	0.0858255	0.100476	0.358259	0.404934	0.396696	0.458334	0.517903	0.567744	0.599031	0.622539	0.650712	0.688652	0.60921	0.659479	0.711383	0.748166	0.765823	0.788027	0.818936	0.837748	0.840026	0.774492	0.816223	0.865587	0.892508	0.920253	0.950332	0.977683	1.00869	0.974804	0.920016	0.94458	0.986579	1.02883	1.05014	1.07098	1.10264	1.13021	1.11565	1.05554	1.07564	1.10086	1.13708	1.1639	1.17798	1.2114	1.23788	1.23677	1.20217	1.19096	1.20797	1.22341	1.26919	1.29699	1.31345	1.34172	1.35296	1.34351	1.31476	1.3205	1.33816	1.35943	1.38283	1.4038	1.41935	1.45968	1.43616	1.43549	1.44214	1.40986	1.43297
NaN	0.000632306	0.00107955	0.00149981	0.280188	0.238945	0.108325	0.346789	0.24711	0.196225	0.14857	0.0959116	0.366761	0.399086	0.397352	0.457364	0.519755	0.571396	0.593714	0.63409	0.654217	0.661069	0.602207	0.660903	0.70488	0.750269	0.77345	0.807754	0.827746	0.848722	0.826676	0.774511	0.824311	0.866145	0.899455	0.924474	0.952442	0.981609	0.994642	0.977613	0.92335	0.952248	1.00411	1.03621	1.06133	1.08579	1.11178	1.13972	1.10752	1.05346	1.07508	1.10809	1.13489	1.16354	1.18216	1.21479	1.22976	1.2293	1.191	1.18966	1.21145	1.24446	1.2672	1.29482	1.30691	1.33867	1.34292	1.32865	1.32688	1.30808	1.33971	1.37502	1.39955	1.41458	1.4334	1.45628	1.45832	1.43856	1.42915	1.42394	1.4597
NaN	0.000641152	0.00106045	0.00154892	0.287244	0.247121	0.104884	0.298256	0.28198	0.169033	0.156593	0.107453	0.36968	0.401394	0.396013	0.457967	0.518008	0.567909	0.61486	0.631629	0.648033	0.661652	0.599208	0.661319	0.713172	0.748724	0.780288	0.81597	0.836675	0.859226	0.834948	0.780938	0.833247	0.864171	0.911734	0.920397	0.9502	0.978413	1.00561	0.964683	0.930005	0.963284	0.998133	1.02513	1.05608	1.08358	1.09693	1.12415	1.10668	1.06744	1.07619	1.11142	1.15154	1.17632	1.18242	1.21849	1.24059	1.20744	1.20891	1.19146	1.21783	1.25381	1.27134	1.30168	1.31363	1.33839	1.35201	1.32648	1.32514	1.31624	1.35442	1.37364	1.39284	1.40892	1.42671	1.45161	1.44172	1.4282	1.41778	1.43117	1.46695
NaN	0.000634694	0.00105656	0.00146581	0.29167	0.242366	0.0960123	0.292541	0.279807	0.212712	0.135156	0.115343	0.369101	0.418543	0.396904	0.460856	0.518847	0.561701	0.609803	0.623146	0.655281	0.679021	0.603937	0.675859	0.707906	0.752616	0.785592	0.813091	0.834855	0.867544	0.833813	0.779317	0.829692	0.87356	0.9085	0.926507	0.954465	0.977075	0.998061	0.950255	0.932207	0.968684	0.997717	1.04003	1.05451	1.09435	1.12466	1.13147	1.09268	1.06409	1.08979	1.11742	1.14766	1.17481	1.19173	1.22808	1.22828	1.22829	1.19905	1.19858	1.22118	1.26062	1.2802	1.30688	1.32143	1.35357	1.34357	1.33192	1.31458	1.32718	1.34752	1.38061	1.40937	1.41926	1.43931	1.45076	1.46515	1.43814	1.43721	1.43643	1.47741
NaN	0.000627155	0.00108644	0.00154119	0.32133	0.236538	0.121045	0.292685	0.308243	0.225627	0.130819	0.106137	0.383965	0.416542	0.399324	0.465036	0.530591	0.567291	0.618869	0.644689	0.660039	0.678275	0.592206	0.667466	0.712385	0.742409	0.791546	0.81953	0.840681	0.863602	0.837968	0.770942	0.841479	0.865753	0.911614	0.927173	0.959818	0.990624	1.0096	0.964323	0.921414	0.971576	1.00479	1.03711	1.05524	1.08263	1.12046	1.12961	1.0768	1.06363	1.09956	1.12072	1.14764	1.2016	1.20071	1.22963	1.23271	1.22428	1.18738	1.20388	1.22626	1.25824	1.28599	1.31673	1.33911	1.35775	1.34378	1.33107	1.3242	1.33047	1.35868	1.39287	1.4007	1.43655	1.44832	1.45468	1.44994	1.44811	1.42316	1.43896	1.45614
NaN	0.000618182	0.00107597	0.00152751	0.29175	0.234553	0.118689	0.293131	0.328963	0.23103	0.164825	0.0944767	0.380982	0.416881	0.410963	0.47191	0.525572	0.574502	0.605383	0.633417	0.661425	0.674919	0.607065	0.669278	0.719048	0.765179	0.785908	0.820555	0.842378	0.873697	0.848261	0.799607	0.85023	0.878534	0.921807	0.93751	0.974052	0.988307	1.0186	0.944447	0.929053	0.98469	1.00625	1.04182	1.07221	1.09776	1.1127	1.1388	1.07506	1.06935	1.09606	1.12065	1.15233	1.18695	1.21436	1.2421	1.24596	1.22646	1.18431	1.21818	1.24115	1.26894	1.30012	1.32098	1.32234	1.3447	1.33496	1.33284	1.31739	1.33809	1.36643	1.40517	1.42049	1.43977	1.45358	1.45433	1.43208	1.44366	1.44746	1.45349	1.45639
NaN	0.000643389	0.00109304	0.00156639	0.324216	0.194007	0.126423	0.304729	0.314492	0.237523	0.191945	0.141385	0.383346	0.413468	0.403309	0.469613	0.52793	0.574236	0.626652	0.644884	0.669607	0.683763	0.616498	0.686359	0.711854	0.759647	0.803436	0.820718	0.845638	0.871539	0.840903	0.796134	0.849435	0.892774	0.919554	0.943301	0.978831	0.989341	1.01734	0.944581	0.941862	0.975279	1.00723	1.04465	1.0876	1.10551	1.11548	1.14012	1.09317	1.07232	1.10428	1.14323	1.16461	1.19231	1.21637	1.23825	1.25837	1.20821	1.19501	1.22054	1.23798	1.27578	1.30055	1.31662	1.33056	1.35917	1.33596	1.32382	1.32115	1.34979	1.36235	1.39935	1.43018	1.4287	1.4408	1.4504	1.43738	1.42508	1.44198	1.45858	1.49629
NaN	0.000638563	0.00109241	0.00154192	0.36011	0.0761869	0.162347	0.304109	0.340157	0.249366	0.184713	0.141954	0.398234	0.430381	0.415136	0.475336	0.535344	0.579338	0.627371	0.62918	0.667304	0.672404	0.612028	0.665009	0.714769	0.768888	0.797995	0.830167	0.85606	0.880636	0.830697	0.816052	0.859523	0.878755	0.92533	0.948864	0.990413	0.994106	1.0226	0.94153	0.941398	0.984948	1.02082	1.05768	1.08081	1.09364	1.1157	1.1337	1.0837	1.07542	1.1079	1.1391	1.16441	1.20395	1.22673	1.24214	1.23099	1.20679	1.19348	1.2294	1.2554	1.27843	1.32454	1.3403	1.3389	1.34056	1.31948	1.32309	1.31576	1.34671	1.37998	1.41532	1.42773	1.43922	1.44807	1.44559	1.41438	1.44674	1.44908	1.45564	1.48576
NaN	0.000623054	0.00106669	0.00150643	0.34867	0.00729007	0.157622	0.296874	0.374751	0.254179	0.200546	0.159369	0.401116	0.427573	0.403764	0.484417	0.535989	0.584727	0.616611	0.633667	0.668809	0.676872	0.621125	0.688902	0.723814	0.776798	0.814337	0.830747	0.864888	0.875586	0.833198	0.815026	0.865467	0.890283	0.928438	0.942974	0.979474	1.0143	1.01289	0.941691	0.948339	0.98809	1.02817	1.05799	1.09609	1.11273	1.13139	1.11782	1.07521	1.08577	1.11319	1.1437	1.17484	1.2098	1.22304	1.26011	1.24648	1.20443	1.20118	1.22037	1.25902	1.28168	1.31757	1.33366	1.35516	1.33888	1.33885	1.32719	1.32206	1.35404	1.38296	1.4106	1.43238	1.447	1.46389	1.43065	1.43213	1.43359	1.44124	1.45918	1.48522
